| Name              | AP		| Recall@K	| B.Accuracy	| N_Pos	| N_Neg	|
-----------------------------------------------------------------------------------------------------
| amber             | 0.0986	|    0.0000	| 0.4870		| 27    | 250   |
| aqua              | 0.4438	| 0.1628	| 0.7418		| 43    | 564   |
| beige             | 0.1349	|    0.0633	| 0.6207		| 79    | 892   |
| black             | 0.6297	| 0.8281	| 0.5310		| 1181  | 2252  |
| blond             | 0.7794	| 0.4188	| 0.8166		| 117   | 365   |
| blue              | 0.5896	| 0.8908	| 0.5209		| 1190  | 2940  |
| bluish            | 0.2685	| 0.0377	| 0.6757		| 53    | 420   |
| bright blue       | 0.5257	| 0.0682	| 0.7967		| 44    | 302   |
| bright green      | 0.6844	| 0.0182	| 0.7447		| 55    | 194   |
| bright red        | 0.5848	| 0.1667	| 0.8220		| 42    | 581   |
| bright yellow     | 0.6179	| 0.6800	| 0.7703		| 25    | 111   |
| bronze            | 0.7766	| 0.6667	| 0.7351		| 9     | 43    |
| brown             | 0.6016	| 0.7870	| 0.5296		| 1108  | 1788  |
| burgundy          | 0.2429	| 0.0417	| 0.7190		| 24    | 585   |
| cream colored     | 0.1125	| 0.0000	| 0.5781		| 39    | 657   |
| dark blue         | 0.3298	| 0.0581	| 0.7554		| 86    | 856   |
| dark brown        | 0.2564	| 0.0189	| 0.6540		| 53    | 587   |
| dark gray         | 0.1839	| 0.0090	| 0.5842		| 111   | 859   |
| dark green        | 0.2348	| 0.0732	| 0.6950		| 82    | 653   |
| dark pink         | 0.3644	| 0.1333	| 0.7244		| 15    | 78    |
| dark purple       | 0.3708	| 0.3125	| 0.6463		| 16    | 452   |
| dark red          | 0.3280	| 0.1304	| 0.7255		| 69    | 797   |
| fuchsia           | 0.4238	| 0.0000	| 0.6537		| 12    | 270   |
| golden            | 0.1131	| 0.0968	| 0.6652		| 62    | 1314  |
| golden brown      | 0.4532	| 0.1304	| 0.6465		| 23    | 108   |
| gray              | 0.4380	| 0.9221	| 0.5006		| 899   | 1703  |
| green             | 0.6083	| 0.7312	| 0.6517		| 1075  | 3205  |
| ivory             | 0.5615	| 0.0000	| 0.7296		| 14    | 98    |
| light blue        | 0.1338	| 0.0612	| 0.5990		| 49    | 838   |
| light brown       | 0.1272	| 0.0000	| 0.5455		| 92    | 868   |
| light green       | 0.2331	| 0.0862	| 0.7280		| 58    | 539   |
| light gray        | 0.0845	| 0.1111	| 0.5261		| 36    | 521   |
| light red         | 0.1532	| 0.0000	| 0.5349		| 17    | 272   |
| light yellow      | 0.1603	| 0.0000	| 0.5671		| 28    | 350   |
| lime green        | 0.3709	| 0.0909	| 0.7708		| 22    | 506   |
| maroon            | 0.2660	| 0.1714	| 0.6914		| 35    | 884   |
| murky             | 0.2713	| 0.0400	| 0.6954		| 25    | 209   |
| navy blue         | 0.3792	| 0.0909	| 0.7903		| 33    | 409   |
| neon green        | 0.4143	| 0.1111	| 0.8513		| 9     | 319   |
| off white         | 0.1481	| 0.0000	| 0.7645		| 9     | 201   |
| olive green       | 0.2251	| 0.0769	| 0.7878		| 13    | 488   |
| orange            | 0.5547	| 0.4943	| 0.7452		| 526   | 2272  |
| pale blue         | 0.2470	| 0.0000	| 0.4899		| 23    | 80    |
| pale green        | 0.0625	| 0.0000	| 0.5621		| 14    | 322   |
| pink              | 0.5947	| 0.5588	| 0.8483		| 204   | 2426  |
| purple            | 0.5737	| 0.6406	| 0.8010		| 128   | 1711  |
| red               | 0.5828	| 0.5961	| 0.7038		| 931   | 3383  |
| reddish           | 0.0634	| 0.0833	| 0.6341		| 12    | 453   |
| rust colored      | 0.3437	| 0.0000	| 0.5421		| 20    | 126   |
| silver            | 0.4905	| 0.2120	| 0.7219		| 283   | 2013  |
| tan               | 0.1817	| 0.0779	| 0.5590		| 231   | 1595  |
| taupe             | 0.1083	| 0.0000	| 0.5000		| 10    | 78    |
| teal              | 0.1523	| 0.0741	| 0.6274		| 54    | 777   |
| terracotta        | 0.5018	| 0.2857	| 0.7005		| 21    | 78    |
| turquoise         | 0.2296	| 0.0000	| 0.6215		| 30    | 527   |
| violet            | 0.4974	| 0.2500	| 0.8186		| 12    | 407   |
| white             | 0.5015	| 0.6691	| 0.5433		| 1393  | 2994  |
| yellow            | 0.5698	| 0.5494	| 0.7075		| 557   | 2339  |
| black lettered    | 0.6451	| 0.0462	| 0.6299		| 65    | 85    |
| red lettered      | 0.4365	| 0.0303	| 0.5594		| 33    | 89    |
| white lettered    | 0.7117	| 0.0000	| 0.5809		| 156   | 133   |
| black haired      | 0.8033	| 0.1220	| 0.7449		| 41    | 62    |
| brown haired      | 0.4092	| 0.0857	| 0.6019		| 35    | 113   |
| dark haired       | 0.9042	| 0.2647	| 0.7999		| 102   | 88    |
| red haired        | 0.5456	| 0.3333	| 0.6978		| 9     | 184   |
| white haired      | 0.7080	| 0.0328	| 0.6838		| 61    | 213   |
| dark skinned      | 0.8710	| 0.3629	| 0.8422		| 124   | 313   |
| light skinned     | 0.8253	| 0.5462	| 0.5311		| 238   | 107   |
| wearing black     | 0.7835	| 0.2647	| 0.7885		| 102   | 161   |
| wearing blue      | 0.6667	| 0.0800	| 0.7850		| 75    | 213   |
| wearing green     | 0.4116	| 0.1111	| 0.7292		| 45    | 299   |
| wearing gray      | 0.3496	| 0.0339	| 0.5268		| 59    | 172   |
| wearing pink      | 0.6214	| 0.1957	| 0.7650		| 46    | 259   |
| wearing red       | 0.7292	| 0.1538	| 0.7897		| 78    | 167   |
| wearing white     | 0.6248	| 0.1324	| 0.7292		| 68    | 198   |
| light colored     | 0.4004	| 0.1992	| 0.5448		| 236   | 471   |
| dark colored      | 0.6368	| 0.3602	| 0.5400		| 161   | 162   |
| colorless         | 0.6144	| 0.0000	| 0.5911		| 58    | 70    |
| colorful          | 0.7443	| 0.2088	| 0.7437		| 297   | 634   |
| monochromatic     | 0.9281	| 0.1395	| 0.7752		| 43    | 18    |
| multicolored      | 0.6123	| 0.0486	| 0.6325		| 144   | 525   |
| tricolored        | 0.4291	| 0.0000	| 0.5310		| 23    | 40    |
| rainbow colored   | 0.7205	| 0.3478	| 0.8249		| 23    | 128   |
| bright            | 0.5314	| 0.1827	| 0.6029		| 197   | 292   |
| dark              | 0.6812	| 0.0542	| 0.6374		| 794   | 736   |
| high              | 0.3709	| 0.0000	| 0.5542		| 115   | 273   |
| low               | 0.2749	| 0.1562	| 0.5388		| 64    | 207   |
| tall              | 0.7764	| 0.1176	| 0.6627		| 859   | 572   |
| short             | 0.4293	| 0.0324	| 0.5332		| 370   | 716   |
| long              | 0.6200	| 0.0211	| 0.6322		| 806   | 913   |
| wide              | 0.6100	| 0.0000	| 0.5991		| 378   | 437   |
| narrow            | 0.4170	| 0.0000	| 0.5219		| 87    | 161   |
| slim              | 0.6081	| 0.0000	| 0.6152		| 45    | 62    |
| thin              | 0.4684	| 0.0050	| 0.5669		| 402   | 642   |
| chubby            | 0.6170	| 0.0385	| 0.5918		| 26    | 116   |
| fat               | 0.5300	| 0.0536	| 0.6993		| 56    | 213   |
| slender           | 0.6938	| 0.0294	| 0.5903		| 34    | 29    |
| skinny            | 0.2961	| 0.0000	| 0.5074		| 106   | 271   |
| huge              | 0.5521	| 0.0326	| 0.6490		| 215   | 542   |
| small             | 0.4649	| 0.0184	| 0.5802		| 922   | 1570  |
| large             | 0.6046	| 0.0287	| 0.6352		| 1429  | 2118  |
| little            | 0.5735	| 0.3716	| 0.6719		| 148   | 322   |
| tiny              | 0.3936	| 0.0725	| 0.6077		| 69    | 209   |
| thick             | 0.4130	| 0.0000	| 0.5401		| 247   | 451   |
| deep              | 0.6217	| 0.0270	| 0.4865		| 37    | 26    |
| shallow           | 0.3900	| 0.0000	| 0.5410		| 30    | 74    |
| aluminum          | 0.6037	| 0.0000	| 0.7143		| 7     | 77    |
| asphalt           | 0.4583	| 0.0192	| 0.7497		| 52    | 213   |
| bamboo            | 0.6499	| 0.6250	| 0.9394		| 8     | 454   |
| brick             | 0.7568	| 0.3929	| 0.7574		| 420   | 764   |
| cardboard         | 0.5754	| 0.2800	| 0.7224		| 50    | 185   |
| ceramic           | 0.4754	| 0.1000	| 0.7061		| 70    | 339   |
| chocolate         | 0.7740	| 0.3947	| 0.8030		| 38    | 312   |
| chrome            | 0.4741	| 0.0789	| 0.6929		| 38    | 211   |
| clay              | 0.4106	| 0.0000	| 0.6137		| 46    | 162   |
| cloth             | 0.8114	| 0.2885	| 0.5691		| 52    | 11    |
| cobblestone       | 0.3067	| 0.2353	| 0.8098		| 17    | 348   |
| concrete          | 0.5674	| 0.1417	| 0.6966		| 254   | 757   |
| denim             | 0.7859	| 0.4098	| 0.8160		| 61    | 246   |
| dirt              | 0.5241	| 0.1429	| 0.7320		| 105   | 765   |
| fabric            | 0.3678	| 0.2041	| 0.7167		| 49    | 408   |
| fluffy            | 0.5416	| 0.1250	| 0.6015		| 120   | 167   |
| foamy             | 0.4647	| 0.0000	| 0.6380		| 27    | 89    |
| furry             | 0.7765	| 0.2054	| 0.7241		| 112   | 175   |
| glass             | 0.6718	| 0.3848	| 0.7801		| 447   | 1155  |
| granite           | 0.4736	| 0.0690	| 0.6682		| 29    | 194   |
| gravel            | 0.5122	| 0.0000	| 0.6463		| 32    | 251   |
| hardwood          | 0.5888	| 0.5250	| 0.7507		| 40    | 173   |
| iron              | 0.3501	| 0.1410	| 0.6778		| 78    | 469   |
| khaki             | 0.6125	| 0.2174	| 0.7150		| 23    | 64    |
| leather           | 0.6610	| 0.2090	| 0.7277		| 67    | 284   |
| marble            | 0.4173	| 0.1556	| 0.6545		| 45    | 352   |
| metal             | 0.5618	| 0.2007	| 0.6792		| 822   | 2019  |
| muddy             | 0.3664	| 0.0000	| 0.6082		| 49    | 420   |
| paper             | 0.3937	| 0.0723	| 0.5953		| 83    | 290   |
| pebbled           | 0.2528	| 0.0000	| 0.5100		| 14    | 136   |
| plastic           | 0.4321	| 0.1519	| 0.6769		| 270   | 1288  |
| plush             | 0.3460	| 0.4545	| 0.6494		| 22    | 91    |
| porcelain         | 0.6698	| 0.3279	| 0.8017		| 61    | 151   |
| red brick         | 0.4291	| 0.1613	| 0.7527		| 31    | 250   |
| rocky             | 0.5739	| 0.1279	| 0.7584		| 86    | 759   |
| rubber            | 0.7122	| 0.6250	| 0.7943		| 24    | 141   |
| sandy             | 0.7695	| 0.5000	| 0.8572		| 114   | 651   |
| silk              | 0.7371	| 0.3158	| 0.7077		| 19    | 37    |
| snowy             | 0.8840	| 0.3000	| 0.8826		| 170   | 871   |
| stainless steel   | 0.4742	| 0.0943	| 0.6936		| 53    | 427   |
| steel             | 0.4275	| 0.1343	| 0.7193		| 134   | 764   |
| stone             | 0.6199	| 0.0833	| 0.6978		| 324   | 897   |
| straw             | 0.1146	| 0.0000	| 0.6836		| 18    | 399   |
| stucco            | 0.0322	| 0.0000	| 0.5496		| 8     | 252   |
| styrofoam         | 0.0931	| 0.0000	| 0.5864		| 7     | 195   |
| tiled             | 0.6204	| 0.2887	| 0.6922		| 142   | 370   |
| wicker            | 0.6161	| 0.2391	| 0.7484		| 46    | 233   |
| wooden            | 0.7160	| 0.4773	| 0.7455		| 905   | 1967  |
| wool              | 0.7595	| 0.3077	| 0.8758		| 13    | 74    |
| water             | 0.6008	| 0.2661	| 0.7317		| 124   | 185   |
| arch shaped       | 0.5957	| 0.0849	| 0.6426		| 106   | 282   |
| arrow shaped      | 0.2216	| 0.0000	| 0.5000		| 16    | 56    |
| bell shaped       | 0.3467	| 0.2500	| 0.5959		| 4     | 43    |
| circular          | 0.4737	| 0.0690	| 0.6228		| 116   | 464   |
| conical           | 0.4691	| 0.0263	| 0.6207		| 38    | 137   |
| cubed             | 0.1773	| 0.0000	| 0.4917		| 8     | 60    |
| curved            | 0.3811	| 0.0000	| 0.5270		| 244   | 595   |
| curled            | 0.7004	| 0.0727	| 0.6333		| 55    | 76    |
| curly             | 0.8293	| 0.2373	| 0.7440		| 59    | 92    |
| cylindrical       | 0.6295	| 0.2785	| 0.6881		| 79    | 164   |
| diamond shaped    | 0.1435	| 0.0000	| 0.4896		| 15    | 96    |
| domed             | 0.4134	| 0.1071	| 0.5410		| 28    | 74    |
| heart shaped      | 0.6739	| 0.1111	| 0.7200		| 9     | 225   |
| octagonal         | 0.2107	| 0.0000	| 0.5126		| 27    | 164   |
| oval shaped       | 0.4194	| 0.0000	| 0.5469		| 32    | 220   |
| pointy            | 0.5979	| 0.0339	| 0.6216		| 177   | 263   |
| rectangular       | 0.6006	| 0.0620	| 0.6361		| 274   | 434   |
| round             | 0.6631	| 0.0896	| 0.6964		| 569   | 773   |
| rounded           | 0.8749	| 0.5017	| 0.6307		| 596   | 177   |
| spherical         | 0.6453	| 0.2031	| 0.6689		| 64    | 129   |
| spiky             | 0.6350	| 0.1290	| 0.6562		| 31    | 118   |
| spiral            | 0.3033	| 0.0000	| 0.4929		| 7     | 70    |
| square            | 0.4996	| 0.0243	| 0.6163		| 247   | 535   |
| straight          | 0.4908	| 0.0441	| 0.5506		| 68    | 100   |
| triangular        | 0.5578	| 0.0820	| 0.6504		| 122   | 367   |
| horizontal        | 0.4401	| 0.0000	| 0.5717		| 87    | 166   |
| slanted           | 0.3047	| 0.0000	| 0.5125		| 40    | 129   |
| tilted            | 0.4466	| 0.0000	| 0.6541		| 40    | 134   |
| upright           | 0.4499	| 0.0000	| 0.5591		| 51    | 98    |
| upside down       | 0.2943	| 0.0278	| 0.5704		| 36    | 348   |
| vertical          | 0.5467	| 0.0180	| 0.6168		| 111   | 166   |
| blue striped      | 0.2476	| 0.0556	| 0.6329		| 18    | 138   |
| blue plaid        | 0.2898	| 0.0000	| 0.5649		| 13    | 125   |
| checkered         | 0.3586	| 0.0333	| 0.5785		| 60    | 417   |
| dotted            | 0.3722	| 0.1250	| 0.6832		| 24    | 106   |
| floral            | 0.7075	| 0.1385	| 0.7028		| 65    | 222   |
| lined             | 0.3483	| 0.0000	| 0.5211		| 65    | 179   |
| patterned         | 0.7902	| 0.2881	| 0.7102		| 538   | 545   |
| pinstriped        | 0.3745	| 0.0000	| 0.5239		| 14    | 85    |
| plaid             | 0.5373	| 0.1667	| 0.7078		| 84    | 442   |
| polka dotted      | 0.3406	| 0.0000	| 0.6071		| 17    | 189   |
| red striped       | 0.4656	| 0.0000	| 0.5713		| 19    | 131   |
| speckled          | 0.3245	| 0.0370	| 0.5320		| 27    | 66    |
| spotted           | 0.7140	| 0.0143	| 0.7321		| 70    | 172   |
| striped           | 0.6910	| 0.2362	| 0.7070		| 309   | 873   |
| close             | 0.3757	| 0.0000	| 0.5070		| 167   | 342   |
| far away          | 0.6652	| 0.2025	| 0.6600		| 79    | 109   |
| angry             | 0.3260	| 0.0000	| 0.5000		| 16    | 188   |
| calm              | 0.8262	| 0.6051	| 0.6206		| 157   | 112   |
| frowning          | 0.3371	| 0.0000	| 0.5471		| 16    | 162   |
| grinning          | 0.5686	| 0.0000	| 0.6304		| 58    | 222   |
| happy             | 0.9207	| 0.6880	| 0.7670		| 234   | 254   |
| laughing          | 0.7982	| 0.1951	| 0.8386		| 41    | 265   |
| sad               | 0.3315	| 0.0556	| 0.5224		| 18    | 187   |
| serious           | 0.5841	| 0.0645	| 0.7489		| 31    | 158   |
| sleepy            | 0.6438	| 0.1429	| 0.8604		| 14    | 108   |
| smiling           | 0.8905	| 0.5556	| 0.8509		| 171   | 380   |
| smirking          | 0.2687	| 0.0000	| 0.6428		| 11    | 71    |
| surprised         | 0.3994	| 0.0000	| 0.5953		| 16    | 101   |
| unhappy           | 0.7276	| 0.0588	| 0.7608		| 17    | 135   |
| clapping          | 0.2202	| 0.0000	| 0.5000		| 8     | 148   |
| pointing          | 0.4944	| 0.0541	| 0.6093		| 37    | 162   |
| throwing          | 0.6411	| 0.0667	| 0.8060		| 30    | 201   |
| waving            | 0.4095	| 0.0000	| 0.6132		| 30    | 124   |
| bending           | 0.7658	| 0.1395	| 0.7446		| 86    | 151   |
| crouching         | 0.3201	| 0.0385	| 0.6623		| 78    | 899   |
| jumping           | 0.7293	| 0.4026	| 0.8780		| 77    | 759   |
| kneeling          | 0.1013	| 0.0000	| 0.5157		| 31    | 907   |
| leaning           | 0.3331	| 0.0000	| 0.5904		| 103   | 314   |
| leaning back      | 0.2228	| 0.0000	| 0.5084		| 36    | 183   |
| leaning forward   | 0.2991	| 0.0000	| 0.5659		| 45    | 145   |
| leaping           | 0.6870	| 0.2857	| 0.8941		| 28    | 572   |
| lying             | 0.7314	| 0.0882	| 0.7573		| 170   | 677   |
| running           | 0.4116	| 0.1094	| 0.7388		| 128   | 1296  |
| sitting           | 0.8688	| 0.6438	| 0.7677		| 452   | 683   |
| squatting         | 0.1993	| 0.0667	| 0.6543		| 30    | 656   |
| standing          | 0.8288	| 0.4567	| 0.6524		| 878   | 550   |
| turning           | 0.2018	| 0.0000	| 0.4960		| 29    | 126   |
| walking           | 0.7818	| 0.4053	| 0.7986		| 375   | 840   |
| brushing teeth    | 0.7616	| 0.3636	| 0.8158		| 11    | 206   |
| climbing          | 0.2677	| 0.0000	| 0.6700		| 10    | 267   |
| cooking           | 0.9266	| 0.8261	| 0.9424		| 23    | 390   |
| cutting           | 0.4486	| 0.0556	| 0.6640		| 18    | 557   |
| drinking          | 0.6919	| 0.2647	| 0.7734		| 34    | 748   |
| driving           | 0.7459	| 0.5167	| 0.8432		| 60    | 387   |
| eating            | 0.5271	| 0.1105	| 0.7229		| 190   | 872   |
| flying            | 0.8367	| 0.5122	| 0.8177		| 123   | 197   |
| grazing           | 0.5641	| 0.1899	| 0.6930		| 79    | 158   |
| hiding            | 0.5126	| 0.2500	| 0.7443		| 12    | 612   |
| hiking            | 0.8070	| 0.2727	| 0.8525		| 11    | 180   |
| hugging           | 0.4123	| 0.1000	| 0.7424		| 10    | 462   |
| kissing           | 0.4926	| 0.2857	| 0.6728		| 7     | 181   |
| paddling          | 0.3841	| 0.1538	| 0.7418		| 13    | 139   |
| posing            | 0.2555	| 0.0103	| 0.6236		| 97    | 716   |
| reading           | 0.7853	| 0.4500	| 0.8462		| 20    | 525   |
| resting           | 0.8563	| 0.7000	| 0.8973		| 60    | 608   |
| riding bike       | 0.8549	| 0.5897	| 0.9013		| 39    | 561   |
| riding horse      | 0.8366	| 0.6429	| 0.8894		| 28    | 575   |
| sleeping          | 0.9086	| 0.5208	| 0.9634		| 48    | 660   |
| studying          | 0.7964	| 0.1818	| 0.9067		| 11    | 410   |
| swimming          | 0.4828	| 0.4103	| 0.9009		| 39    | 867   |
| swinging          | 0.2789	| 0.0833	| 0.7486		| 36    | 395   |
| taking photo      | 0.5620	| 0.3182	| 0.7730		| 22    | 290   |
| talking           | 0.6106	| 0.0824	| 0.7017		| 85    | 270   |
| texting           | 0.3680	| 0.1250	| 0.6762		| 8     | 353   |
| typing            | 0.7220	| 0.5000	| 0.8820		| 16    | 309   |
| using computer    | 0.9080	| 0.5000	| 0.8868		| 20    | 152   |
| using phone       | 0.9304	| 0.5357	| 0.9249		| 28    | 127   |
| waiting           | 0.1579	| 0.0000	| 0.5461		| 103   | 754   |
| working           | 0.4627	| 0.1200	| 0.7739		| 25    | 402   |
| playing baseball  | 0.9530	| 0.8556	| 0.9713		| 90    | 414   |
| playing frisbee   | 0.7448	| 0.2500	| 0.8493		| 36    | 369   |
| playing football  | 0.6120	| 0.5000	| 0.9227		| 20    | 403   |
| playing tennis    | 0.9719	| 0.8209	| 0.9572		| 67    | 424   |
| skating           | 0.3191	| 0.1538	| 0.7634		| 39    | 296   |
| skateboarding     | 0.9289	| 0.6262	| 0.9235		| 107   | 422   |
| skiing            | 0.8567	| 0.8319	| 0.9379		| 113   | 438   |
| snowboarding      | 0.7522	| 0.3750	| 0.8103		| 32    | 224   |
| surfing           | 0.7792	| 0.8587	| 0.8848		| 92    | 301   |
| looking at camera | 0.4755	| 0.0000	| 0.6117		| 101   | 248   |
| looking down      | 0.5550	| 0.1522	| 0.6333		| 92    | 170   |
| looking up        | 0.1897	| 0.0000	| 0.4849		| 40    | 161   |
| backwards         | 0.6403	| 0.0682	| 0.7084		| 88    | 166   |
| clear             | 0.7517	| 0.2077	| 0.6705		| 621   | 511   |
| cloudless         | 0.2872	| 0.1667	| 0.5315		| 48    | 203   |
| cloudy            | 0.8994	| 0.5872	| 0.5817		| 235   | 122   |
| foggy             | 0.5462	| 0.0943	| 0.7407		| 53    | 285   |
| hazy              | 0.3737	| 0.0882	| 0.5696		| 68    | 244   |
| overcast          | 0.6334	| 0.3729	| 0.7686		| 59    | 243   |
| partly cloudy     | 0.1807	| 0.0263	| 0.5678		| 38    | 238   |
| in rain           | 0.7638	| 0.2000	| 0.7926		| 55    | 541   |
| stormy            | 0.5157	| 0.0000	| 0.6001		| 29    | 301   |
| sunny             | 0.8086	| 0.3922	| 0.6642		| 51    | 59    |
| indoors           | 0.9517	| 0.1190	| 0.9274		| 42    | 82    |
| outdoors          | 0.9564	| 0.7349	| 0.8051		| 83    | 45    |
| in the air        | 0.6435	| 0.1429	| 0.7195		| 98    | 227   |
| in the background | 0.8082	| 0.5840	| 0.5442		| 125   | 66    |
| in water          | 0.8644	| 0.1429	| 0.8881		| 42    | 105   |
| on ground         | 0.8535	| 0.5000	| 0.8294		| 18    | 63    |
| on the wall       | 0.8032	| 0.3784	| 0.7883		| 74    | 124   |
| adult             | 0.4450	| 0.2062	| 0.4615		| 97    | 104   |
| aged              | 0.7452	| 0.0952	| 0.7426		| 21    | 37    |
| elderly           | 0.9502	| 0.6842	| 0.9401		| 19    | 69    |
| old               | 0.8120	| 0.6040	| 0.7383		| 250   | 349   |
| young             | 0.8782	| 0.8649	| 0.5764		| 185   | 149   |
| new               | 0.3395	| 0.1176	| 0.5321		| 17    | 66    |
| clean             | 0.5908	| 0.0102	| 0.5670		| 294   | 327   |
| dirty             | 0.4937	| 0.0806	| 0.6418		| 186   | 884   |
| dusty             | 0.6066	| 0.1053	| 0.6705		| 95    | 240   |
| stained           | 0.5115	| 0.2857	| 0.5984		| 49    | 119   |
| soft              | 0.8090	| 0.2571	| 0.6041		| 105   | 61    |
| hard              | 0.7394	| 0.1078	| 0.5817		| 102   | 89    |
| heavy             | 0.5461	| 0.0513	| 0.6508		| 39    | 77    |
| asian             | 0.7919	| 0.2143	| 0.8408		| 56    | 245   |
| caucasian         | 0.6967	| 0.2093	| 0.5248		| 43    | 37    |
| opaque            | 0.2958	| 0.3077	| 0.4924		| 52    | 173   |
| transparent       | 0.6605	| 0.0758	| 0.6940		| 132   | 229   |
| translucent       | 0.3831	| 0.1034	| 0.5964		| 29    | 95    |
| male              | 0.7050	| 0.1020	| 0.7777		| 98    | 211   |
| female            | 0.8138	| 0.0000	| 0.7187		| 69    | 254   |
| jagged            | 0.2447	| 0.0000	| 0.5295		| 23    | 67    |
| moss covered      | 0.3504	| 0.0000	| 0.4939		| 18    | 82    |
| rough             | 0.5014	| 0.0130	| 0.6456		| 77    | 182   |
| smooth            | 0.3960	| 0.0000	| 0.5658		| 117   | 240   |
| textured          | 0.7629	| 0.0435	| 0.5072		| 46    | 21    |
| wrinkled          | 0.7208	| 0.0625	| 0.7061		| 80    | 148   |
| choppy            | 0.8420	| 0.0250	| 0.7771		| 40    | 48    |
| closed            | 0.4527	| 0.0817	| 0.5840		| 208   | 371   |
| cracked           | 0.4369	| 0.1000	| 0.6237		| 30    | 152   |
| dilapidated       | 0.7308	| 0.0400	| 0.6462		| 25    | 109   |
| dry               | 0.4543	| 0.0000	| 0.5288		| 184   | 250   |
| empty             | 0.6993	| 0.0599	| 0.6658		| 384   | 548   |
| folded            | 0.4183	| 0.0130	| 0.5330		| 77    | 177   |
| full              | 0.6495	| 0.1517	| 0.6886		| 145   | 224   |
| open              | 0.6516	| 0.0490	| 0.5863		| 673   | 605   |
| watery            | 0.7767	| 0.0476	| 0.7967		| 21    | 78    |
| weathered         | 0.4439	| 0.0870	| 0.5685		| 23    | 47    |
| wet               | 0.8421	| 0.2675	| 0.8343		| 329   | 537   |
| wearing bow tie   | 0.1392	| 0.2500	| 0.6258		| 8     | 300   |
| wearing glasses   | 0.8288	| 0.2558	| 0.8207		| 86    | 238   |
| wearing hat       | 0.7734	| 0.3902	| 0.7493		| 82    | 128   |
| wearing headband  | 0.3423	| 0.0000	| 0.6224		| 14    | 122   |
| wearing scarf     | 0.5517	| 0.0800	| 0.6569		| 25    | 130   |
| wearing tie       | 0.8325	| 0.3750	| 0.8546		| 40    | 121   |
| with umbrella     | 0.9183	| 0.5769	| 0.9343		| 26    | 188   |
| wearing watch     | 0.3851	| 0.1304	| 0.6361		| 23    | 107   |
| black framed      | 0.8034	| 0.2581	| 0.7437		| 31    | 37    |
| gold framed       | 0.2343	| 0.0000	| 0.5000		| 13    | 45    |
| white framed      | 0.4738	| 0.0000	| 0.4789		| 28    | 44    |
| long haired       | 0.7151	| 0.2097	| 0.7266		| 62    | 157   |
| short haired      | 0.6920	| 0.3333	| 0.6066		| 72    | 102   |
| mesh              | 0.5586	| 0.0286	| 0.5775		| 35    | 68    |
| two-story         | 0.3759	| 0.0909	| 0.5772		| 22    | 83    |
| tucked in         | 0.4284	| 0.0000	| 0.4444		| 17    | 27    |
| paperback         | 0.6532	| 0.7273	| 0.6084		| 22    | 13    |
| graffitied        | 0.8730	| 0.5455	| 0.8690		| 22    | 173   |
| knee high         | 0.4126	| 0.1111	| 0.4893		| 18    | 39    |
| leaf covered      | 0.5353	| 0.6250	| 0.4992		| 72    | 82    |
| cluttered         | 0.5415	| 0.1143	| 0.6714		| 35    | 98    |
| wallpapered       | 0.1544	| 0.0000	| 0.4963		| 7     | 134   |
| sunlit            | 0.7844	| 0.1579	| 0.7125		| 76    | 99    |
| old fashioned     | 0.6433	| 0.1111	| 0.7413		| 27    | 68    |
| statue            | 0.8821	| 0.5806	| 0.8781		| 31    | 199   |
| handwritten       | 0.4475	| 0.0556	| 0.5921		| 18    | 79    |
| still             | 0.3548	| 0.0411	| 0.5301		| 73    | 163   |
| classical         | 0.8446	| 0.0000	| 0.7394		| 28    | 47    |
| half              | 0.6305	| 0.0455	| 0.5782		| 22    | 25    |
| neon              | 0.6024	| 0.1923	| 0.7535		| 26    | 120   |
| spotless          | 0.5924	| 0.0238	| 0.4263		| 42    | 37    |
| balancing         | 0.8512	| 0.0370	| 0.8441		| 27    | 55    |
| leftover          | 0.3369	| 0.0000	| 0.6312		| 10    | 133   |
| rumpled           | 0.4440	| 0.0889	| 0.5736		| 45    | 80    |
| stuffed           | 0.7667	| 0.5714	| 0.8303		| 84    | 233   |
| knitted           | 0.7776	| 0.2000	| 0.7928		| 15    | 69    |
| barren            | 0.6049	| 0.1667	| 0.6524		| 18    | 41    |
| worn              | 0.3250	| 0.0000	| 0.5049		| 72    | 219   |
| cheesy            | 0.9084	| 0.2667	| 0.8500		| 15    | 10    |
| gray metal        | 0.5929	| 0.0882	| 0.6797		| 34    | 64    |
| antique           | 0.8759	| 0.6364	| 0.7842		| 33    | 41    |
| turned off        | 0.4311	| 0.0000	| 0.5070		| 45    | 91    |
| shredded          | 0.5295	| 0.1111	| 0.6156		| 18    | 37    |
| lined up          | 0.8115	| 0.4074	| 0.6335		| 27    | 19    |
| ancient           | 0.9506	| 0.5556	| 0.8819		| 18    | 40    |
| splashing         | 0.9127	| 0.9250	| 0.8529		| 40    | 34    |
| crocheted         | 0.6561	| 0.3000	| 0.7417		| 10    | 60    |
| selling           | 0.1905	| 0.0000	| 0.5000		| 13    | 97    |
| cut               | 0.6216	| 0.0081	| 0.6481		| 123   | 230   |
| assorted          | 0.7423	| 0.1522	| 0.6374		| 46    | 44    |
| rusty             | 0.6854	| 0.1098	| 0.7108		| 82    | 400   |
| illuminated       | 0.6491	| 0.1327	| 0.6850		| 113   | 174   |
| pepperoni         | 0.6132	| 1.0000	| 0.6298		| 17    | 104   |
| funny             | 0.6594	| 0.1333	| 0.8443		| 15    | 73    |
| messy             | 0.5569	| 0.0577	| 0.6319		| 52    | 149   |
| lush              | 0.6204	| 0.4130	| 0.6059		| 46    | 78    |
| silhouetted       | 0.7925	| 0.0208	| 0.7324		| 48    | 210   |
| fancy             | 0.8848	| 0.3333	| 0.8483		| 27    | 37    |
| shining           | 0.7679	| 0.0317	| 0.6484		| 63    | 97    |
| stainless         | 0.5715	| 0.1304	| 0.7016		| 23    | 29    |
| digital           | 0.7369	| 0.4490	| 0.7953		| 49    | 124   |
| out of focus      | 0.4704	| 0.0435	| 0.6202		| 46    | 104   |
| shiny             | 0.5816	| 0.0201	| 0.6134		| 349   | 554   |
| glowing           | 0.7967	| 0.6500	| 0.7594		| 20    | 32    |
| for sale          | 0.5234	| 0.0370	| 0.5891		| 27    | 68    |
| patchy            | 0.3073	| 0.0000	| 0.5048		| 15    | 42    |
| filled            | 0.7836	| 0.3154	| 0.5880		| 130   | 117   |
| printed           | 0.6626	| 0.0115	| 0.5937		| 87    | 111   |
| stacked           | 0.4913	| 0.0446	| 0.5935		| 112   | 334   |
| potted            | 0.7572	| 0.5000	| 0.7859		| 38    | 74    |
| blurry            | 0.5451	| 0.0000	| 0.5933		| 122   | 490   |
| shingled          | 0.3073	| 0.0000	| 0.5503		| 7     | 27    |
| night             | 0.8880	| 0.0000	| 0.8333		| 9     | 56    |
| bent              | 0.5694	| 0.0100	| 0.5971		| 100   | 163   |
| grassy            | 0.8638	| 0.1699	| 0.7979		| 259   | 242   |
| unlit             | 0.4673	| 0.0400	| 0.5052		| 25    | 31    |
| directional       | 0.7689	| 0.1724	| 0.7362		| 29    | 63    |
| leafless          | 0.5031	| 0.2759	| 0.5184		| 87    | 136   |
| sliced            | 0.7109	| 0.0338	| 0.6948		| 148   | 123   |
| frosted           | 0.6378	| 0.5000	| 0.7912		| 32    | 176   |
| extended          | 0.7039	| 0.0000	| 0.6259		| 87    | 70    |
| topped            | 0.6905	| 0.0000	| 0.6092		| 17    | 14    |
| writing           | 0.2259	| 0.1250	| 0.5564		| 8     | 82    |
| fallen            | 0.6284	| 0.0204	| 0.5777		| 49    | 127   |
| athletic          | 0.9511	| 0.6562	| 0.9252		| 32    | 81    |
| floating          | 0.7090	| 0.4583	| 0.8167		| 48    | 80    |
| reclining         | 0.3963	| 0.2500	| 0.6269		| 24    | 66    |
| flat              | 0.4511	| 0.0049	| 0.5535		| 203   | 321   |
| crossing legs     | 0.3991	| 0.0714	| 0.7466		| 28    | 131   |
| crossing arms     | 0.0440	| 0.0000	| 0.5000		| 11    | 181   |
| raising arm       | 0.6990	| 0.0000	| 0.7778		| 20    | 135   |
| chain-link        | 0.7350	| 0.0877	| 0.7158		| 57    | 90    |
| dressed warmly    | 0.9291	| 0.4412	| 0.8949		| 68    | 180   |
| dressed           | 0.8806	| 0.2260	| 0.6917		| 146   | 55    |
| camouflage        | 0.9584	| 0.7273	| 0.9264		| 11    | 71    |
| upholstered       | 0.8531	| 0.7692	| 0.6034		| 26    | 29    |
| modern            | 0.7347	| 0.5172	| 0.6218		| 58    | 76    |
| dark wood         | 0.5711	| 0.0000	| 0.6008		| 47    | 72    |
| bearded           | 0.8636	| 0.3684	| 0.8522		| 38    | 119   |
| well dressed      | 0.8715	| 0.0566	| 0.6667		| 53    | 40    |
| manicured         | 0.8548	| 0.1935	| 0.7329		| 31    | 32    |
| tattooed          | 0.5863	| 0.0909	| 0.6299		| 11    | 77    |
| rolled up         | 0.2423	| 0.0000	| 0.4908		| 22    | 109   |
| sparkling         | 0.4123	| 0.2222	| 0.7267		| 9     | 37    |
| reaching          | 0.4423	| 0.2174	| 0.7464		| 23    | 75    |
| disposable        | 0.3372	| 0.1389	| 0.6097		| 36    | 120   |
| glossy            | 0.5501	| 0.0000	| 0.6103		| 51    | 68    |
| tied              | 0.6319	| 0.0625	| 0.6131		| 32    | 58    |
| vintage           | 0.9468	| 1.0000	| 0.6935		| 9     | 31    |
| multi-story       | 0.9269	| 0.2500	| 0.8283		| 56    | 34    |
| cushioned         | 0.6970	| 0.2222	| 0.7047		| 36    | 69    |
| flat screen       | 0.5310	| 0.5789	| 0.4751		| 19    | 18    |
| filthy            | 0.7853	| 0.0000	| 0.6071		| 14    | 72    |
| shirtless         | 0.8812	| 0.2553	| 0.8473		| 47    | 140   |
| raised            | 0.5142	| 0.0185	| 0.6473		| 54    | 107   |
| reflective        | 0.4701	| 0.0000	| 0.6169		| 94    | 254   |
| short-sleeved     | 0.4289	| 0.2778	| 0.6683		| 54    | 178   |
| operating         | 0.5648	| 0.0364	| 0.5856		| 55    | 56    |
| relaxing          | 0.9189	| 0.1111	| 0.8286		| 27    | 43    |
| enjoying          | 0.6332	| 0.0000	| 0.5960		| 21    | 32    |
| barefoot          | 0.7593	| 0.1389	| 0.7242		| 36    | 84    |
| gloomy            | 0.7238	| 0.0000	| 0.6500		| 10    | 48    |
| crossed           | 0.6115	| 0.0000	| 0.5238		| 21    | 72    |
| partially eaten   | 0.3765	| 0.0000	| 0.5925		| 30    | 113   |
| mixed             | 0.7080	| 0.0000	| 0.6319		| 36    | 32    |
| hanging           | 0.6984	| 0.1307	| 0.6919		| 283   | 487   |
| carpeted          | 0.4930	| 0.0526	| 0.6571		| 19    | 66    |
| daytime           | 0.5930	| 0.6296	| 0.5893		| 27    | 28    |
| tree-covered      | 0.5946	| 0.0000	| 0.6155		| 20    | 42    |
| shaded            | 0.5055	| 0.0333	| 0.5590		| 30    | 39    |
| damaged           | 0.8146	| 0.0000	| 0.7066		| 33    | 91    |
| powdered          | 0.6201	| 0.3043	| 0.7111		| 23    | 107   |
| topless           | 0.8293	| 0.0870	| 0.7599		| 23    | 66    |
| barbed wire       | 0.1564	| 0.0000	| 0.4675		| 8     | 77    |
| shoulder length   | 0.1959	| 0.0370	| 0.4344		| 27    | 112   |
| braided           | 0.5286	| 0.3333	| 0.7693		| 6     | 125   |
| fried             | 0.3978	| 0.1000	| 0.6419		| 30    | 111   |
| dressed formally  | 0.8219	| 0.3061	| 0.8483		| 49    | 154   |
| smoking           | 0.4826	| 0.2857	| 0.7107		| 7     | 138   |
| leafy             | 0.7172	| 0.1773	| 0.6498		| 141   | 137   |
| outstretched      | 0.8167	| 0.2143	| 0.6131		| 56    | 48    |
| scattered         | 0.6176	| 0.0000	| 0.5585		| 62    | 56    |
| in a costume      | 0.6116	| 0.3846	| 0.7656		| 13    | 95    |
| decorative        | 0.8316	| 0.4556	| 0.7383		| 90    | 87    |
| wrapped           | 0.5094	| 0.0175	| 0.5191		| 57    | 139   |
| parking           | 0.8152	| 0.4238	| 0.6511		| 302   | 179   |
| batting           | 0.7129	| 0.5349	| 0.8547		| 43    | 240   |
| loose             | 0.5613	| 0.0444	| 0.4121		| 45    | 22    |
| cartoon           | 0.6264	| 0.0769	| 0.5769		| 13    | 109   |
| tagged            | 0.6221	| 0.1429	| 0.7318		| 21    | 68    |
| crowded           | 0.9154	| 0.0286	| 0.6858		| 70    | 71    |
| flowered          | 0.6144	| 0.1786	| 0.6406		| 28    | 62    |
| garbage           | 0.5982	| 0.4000	| 0.7000		| 15    | 77    |
| rippled           | 0.6080	| 0.0000	| 0.5287		| 48    | 37    |
| faded             | 0.5591	| 0.0282	| 0.5676		| 71    | 129   |
| spreading legs    | 0.3436	| 0.0000	| 0.5178		| 40    | 109   |
| spreading arms    | 0.5803	| 0.0156	| 0.6579		| 64    | 170   |
| used              | 0.4410	| 0.0000	| 0.6369		| 60    | 168   |
| raw               | 0.5982	| 0.1176	| 0.5564		| 51    | 80    |
| boxed             | 0.4841	| 0.3333	| 0.7127		| 12    | 76    |
| toy               | 0.8334	| 0.7436	| 0.8068		| 39    | 116   |
| ornate            | 0.6929	| 0.5217	| 0.6903		| 46    | 95    |
| barred            | 0.5648	| 0.0294	| 0.5721		| 34    | 62    |
| half filled       | 0.1713	| 0.0000	| 0.4161		| 23    | 108   |
| slippery          | 0.7889	| 0.0952	| 0.6729		| 21    | 57    |
| shiny blue        | 0.4508	| 0.0000	| 0.5852		| 14    | 52    |
| shaggy            | 0.6447	| 0.1667	| 0.7596		| 18    | 61    |
| tight             | 0.6518	| 0.0000	| 0.6412		| 45    | 98    |
| hooded            | 0.6288	| 0.0000	| 0.6405		| 29    | 94    |
| wavy              | 0.9197	| 0.3871	| 0.8130		| 31    | 27    |
| gloved            | 0.6739	| 0.1000	| 0.7317		| 50    | 115   |
| shoeless          | 0.1558	| 0.0000	| 0.4842		| 17    | 97    |
| sliding           | 0.3209	| 0.0000	| 0.5278		| 12    | 45    |
| military          | 0.9690	| 0.4118	| 0.9706		| 17    | 122   |
| sprinkled         | 0.7956	| 0.3056	| 0.7976		| 36    | 63    |
| catching          | 0.2867	| 0.0000	| 0.7246		| 23    | 129   |
| polo              | 0.2593	| 0.0000	| 0.6387		| 10    | 106   |
| covered in sugar  | 0.6750	| 0.7059	| 0.6019		| 17    | 28    |
| dense             | 0.5373	| 0.0000	| 0.4636		| 57    | 39    |
| whole             | 0.6511	| 0.0000	| 0.5907		| 79    | 63    |
| painted           | 0.5071	| 0.0602	| 0.6426		| 166   | 463   |
| woven             | 0.6507	| 0.2564	| 0.6942		| 39    | 76    |
| grilled           | 0.4566	| 0.0870	| 0.5964		| 23    | 94    |
| having fun        | 0.8534	| 0.2571	| 0.8354		| 35    | 59    |
| baked             | 0.6269	| 0.5294	| 0.5732		| 34    | 41    |
| displayed         | 0.8406	| 0.5135	| 0.6892		| 37    | 37    |
| sealed            | 0.6118	| 0.1220	| 0.6668		| 41    | 69    |
| sharp             | 0.7638	| 0.2133	| 0.6896		| 75    | 77    |
| black metal       | 0.6249	| 0.0000	| 0.5517		| 31    | 39    |
| thatched          | 0.1747	| 0.0000	| 0.4655		| 9     | 58    |
| littered          | 0.1638	| 0.0000	| 0.6094		| 16    | 160   |
| sparse            | 0.4707	| 0.0000	| 0.5490		| 26    | 53    |
| bald              | 0.8104	| 0.4310	| 0.8168		| 58    | 167   |
| toasted           | 0.6482	| 0.5556	| 0.6702		| 27    | 47    |
| doorless          | 0.2504	| 0.0000	| 0.4875		| 19    | 40    |
| baby              | 0.6326	| 0.2209	| 0.6248		| 86    | 128   |
| wild              | 0.9301	| 0.6875	| 0.6871		| 32    | 37    |
| long-sleeved      | 0.8049	| 0.1370	| 0.7656		| 73    | 117   |
| bare              | 0.8228	| 0.5374	| 0.5269		| 227   | 70    |
| taking selfie     | 0.7456	| 0.2308	| 0.8874		| 13    | 112   |
| flattened         | 0.7847	| 0.0339	| 0.6482		| 59    | 41    |
| carried           | 0.4331	| 0.0000	| 0.5098		| 34    | 51    |
| buttoned          | 0.5106	| 0.1579	| 0.6078		| 19    | 41    |
| excited           | 0.6357	| 0.0370	| 0.6198		| 27    | 102   |
| boiled            | 0.6112	| 0.1250	| 0.6964		| 8     | 56    |
| carved            | 0.7726	| 0.4130	| 0.7414		| 46    | 94    |
| smoky             | 0.7817	| 0.1250	| 0.6562		| 16    | 16    |
| turbulent         | 0.8778	| 0.3600	| 0.8800		| 25    | 50    |
| cooked            | 0.7402	| 0.5652	| 0.7197		| 69    | 130   |
| uneaten           | 0.7418	| 0.5132	| 0.4803		| 76    | 30    |
| busy              | 0.7790	| 0.2195	| 0.7174		| 41    | 64    |
| frozen            | 0.5799	| 0.1538	| 0.8070		| 13    | 56    |
| horned            | 0.3340	| 0.1053	| 0.7685		| 19    | 123   |
| sleeveless        | 0.5644	| 0.1190	| 0.7265		| 42    | 169   |
| peeled            | 0.5252	| 0.0000	| 0.6937		| 16    | 71    |
| sheer             | 0.2898	| 0.0000	| 0.4762		| 10    | 42    |
| many              | 0.8704	| 0.8103	| 0.5422		| 116   | 59    |
| scruffy           | 0.5527	| 0.2353	| 0.6406		| 17    | 59    |
| buried            | 0.0208	| 0.0000	| 0.3069		| 1     | 101   |
| melted            | 0.8847	| 0.5000	| 0.7557		| 24    | 11    |
| active            | 0.8378	| 0.0137	| 0.7166		| 73    | 60    |
| trimmed           | 0.5461	| 0.0000	| 0.6278		| 42    | 67    |
| broken            | 0.6096	| 0.2000	| 0.6370		| 45    | 81    |
| wispy             | 0.5325	| 0.0000	| 0.4816		| 23    | 26    |
| dead              | 0.7142	| 0.4048	| 0.5893		| 84    | 114   |
| ripe              | 0.7525	| 0.7262	| 0.5327		| 84    | 32    |
| piece             | 0.6510	| 0.0000	| 0.5523		| 74    | 55    |
| armless           | 0.4363	| 0.0847	| 0.3971		| 59    | 63    |
| rotten            | 0.4604	| 0.0000	| 0.5639		| 13    | 77    |
| curtainless       | 0.7312	| 0.0517	| 0.5522		| 58    | 33    |
| hairy             | 0.8517	| 0.5690	| 0.5230		| 58    | 48    |
| blank             | 0.5001	| 0.0312	| 0.5973		| 64    | 88    |
| chopped           | 0.8011	| 0.0625	| 0.6988		| 112   | 87    |
| mounted           | 0.8536	| 0.5319	| 0.5569		| 47    | 29    |
| hairless          | 0.4612	| 0.0303	| 0.5371		| 33    | 60    |
| fuzzy             | 0.6858	| 0.0400	| 0.6824		| 50    | 133   |
| falling           | 0.4874	| 0.2941	| 0.6228		| 17    | 63    |
| paved             | 0.8000	| 0.2486	| 0.7529		| 177   | 194   |
| electronic        | 0.9600	| 0.3000	| 0.8375		| 40    | 33    |
| sticking out      | 0.5048	| 0.0000	| 0.5660		| 18    | 32    |
| collared          | 0.7133	| 0.2857	| 0.7061		| 49    | 111   |
| doubledecker      | 0.3614	| 0.0000	| 0.6419		| 23    | 121   |
| almost empty      | 0.7862	| 0.0000	| 0.5921		| 38    | 37    |
| glazed            | 0.5512	| 0.0000	| 0.6667		| 16    | 30    |
| docked            | 0.4261	| 0.1176	| 0.6244		| 17    | 35    |
| submerged         | 0.6143	| 0.0000	| 0.7040		| 23    | 112   |
| slightly open     | 0.1217	| 0.0000	| 0.4965		| 14    | 144   |
| stopped           | 0.5061	| 0.0429	| 0.5155		| 70    | 72    |
| framed            | 0.9817	| 0.7970	| 0.6074		| 133   | 18    |
| sunbathing        | 0.9052	| 0.1429	| 0.8855		| 14    | 136   |
| plain             | 0.7663	| 0.3500	| 0.6111		| 20    | 18    |
| christmas         | 0.8070	| 0.7000	| 0.8288		| 10    | 118   |
| frizzy            | 0.5256	| 0.0476	| 0.6137		| 21    | 85    |
| interior          | 0.9087	| 0.4853	| 0.8367		| 68    | 66    |
| pinned            | 0.3643	| 0.0000	| 0.5574		| 12    | 37    |
| concentrating     | 0.8259	| 0.1852	| 0.8567		| 54    | 114   |
| knocked over      | 0.3477	| 0.0000	| 0.5455		| 11    | 143   |
| burnt             | 0.6391	| 0.0357	| 0.6208		| 56    | 129   |
| hitting           | 0.5901	| 0.4000	| 0.7232		| 25    | 106   |
| moving            | 0.8080	| 0.1189	| 0.7675		| 244   | 380   |
| baggy             | 0.5533	| 0.0893	| 0.6354		| 56    | 117   |
| dried             | 0.6288	| 0.0282	| 0.5892		| 71    | 89    |
| turned on         | 0.5244	| 0.1692	| 0.6119		| 65    | 88    |
| piled             | 0.6668	| 0.0667	| 0.6525		| 120   | 167   |
| puffy             | 0.5863	| 0.3000	| 0.5242		| 30    | 33    |
| scraggly          | 0.6461	| 0.1389	| 0.6091		| 36    | 28    |
| bushy             | 0.4860	| 0.1587	| 0.5413		| 63    | 90    |
| staring           | 0.8536	| 0.0000	| 0.6821		| 32    | 23    |
| holed             | 0.5638	| 0.0732	| 0.6376		| 41    | 77    |
| muscular          | 0.7342	| 0.2632	| 0.6774		| 38    | 71    |
| neat              | 0.5454	| 0.1000	| 0.5080		| 90    | 67    |
| abandoned         | 0.8130	| 0.1707	| 0.8196		| 41    | 184   |
| diagonal          | 0.4803	| 0.1471	| 0.5281		| 34    | 46    |
| wheeled           | 0.6131	| 0.2273	| 0.6061		| 44    | 72    |
| being used        | 0.7351	| 0.0267	| 0.7349		| 75    | 116   |
| partially visible | 0.6466	| 0.3421	| 0.6357		| 38    | 67    |
| nylon             | 0.5889	| 0.0000	| 0.7083		| 3     | 8     |
| ridged            | 0.6307	| 0.0000	| 0.6519		| 21    | 29    |
| backless          | 0.2786	| 0.0000	| 0.4919		| 39    | 62    |
| unmade            | 0.2211	| 0.0000	| 0.4887		| 23    | 73    |
| pulled back       | 0.2115	| 0.0000	| 0.5115		| 19    | 73    |
| side view         | 0.3463	| 0.0000	| 0.3816		| 19    | 32    |
| chipped           | 0.5668	| 0.0000	| 0.6618		| 20    | 34    |
| perched           | 0.9351	| 0.9167	| 0.5875		| 12    | 40    |
| overgrown         | 0.4564	| 0.2381	| 0.5689		| 21    | 57    |
| numbered          | 0.7292	| 0.0606	| 0.6861		| 33    | 77    |
