| Name              | AP         | Recall@K   | B.Accuracy | N_Pos  | N_Neg  |
------------------------------------------------------------------------------
| amber             | 0.4337     | 0.2963     | 0.5971     | 27     | 250    |
| aqua              | 0.6458     | 0.3721     | 0.6378     | 43     | 564    |
| beige             | 0.5022     | 0.5823     | 0.7607     | 79     | 892    |
| black             | 0.8714     | 0.8848     | 0.8467     | 1181   | 2252   |
| blond             | 0.7426     | 0.6752     | 0.7618     | 117    | 365    |
| blue              | 0.8962     | 0.8429     | 0.8593     | 1190   | 2940   |
| bluish            | 0.8083     | 0.2642     | 0.5825     | 53     | 420    |
| bright blue       | 0.8946     | 0.6591     | 0.7938     | 44     | 302    |
| bright green      | 0.6931     | 0.3455     | 0.6027     | 55     | 194    |
| bright red        | 0.7938     | 0.5238     | 0.6989     | 42     | 581    |
| bright yellow     | 0.5586     | 0.5200     | 0.7220     | 25     | 111    |
| bronze            | 0.2997     | 0.1111     | 0.5000     | 9      | 43     |
| brown             | 0.8886     | 0.8646     | 0.8512     | 1108   | 1788   |
| burgundy          | 0.6490     | 0.3333     | 0.5825     | 24     | 585    |
| cream colored     | 0.6723     | 0.5897     | 0.7647     | 39     | 657    |
| dark blue         | 0.6454     | 0.6628     | 0.7447     | 86     | 856    |
| dark brown        | 0.6918     | 0.4528     | 0.7187     | 53     | 587    |
| dark gray         | 0.5769     | 0.3243     | 0.6242     | 111    | 859    |
| dark green        | 0.8053     | 0.7195     | 0.7873     | 82     | 653    |
| dark pink         | 0.7669     | 0.4667     | 0.7333     | 15     | 78     |
| dark purple       | 0.4015     | 0.3125     | 0.5915     | 16     | 452    |
| dark red          | 0.7241     | 0.2319     | 0.5640     | 69     | 797    |
| fuchsia           | 0.5344     | 0.3333     | 0.6176     | 12     | 270    |
| golden            | 0.6746     | 0.5806     | 0.7619     | 62     | 1314   |
| golden brown      | 0.7520     | 0.5652     | 0.7687     | 23     | 108    |
| gray              | 0.8707     | 0.7998     | 0.8199     | 899    | 1703   |
| green             | 0.9444     | 0.8763     | 0.9044     | 1075   | 3205   |
| ivory             | 0.6241     | 0.2143     | 0.6020     | 14     | 98     |
| light blue        | 0.7601     | 0.4898     | 0.6921     | 49     | 838    |
| light brown       | 0.5267     | 0.5000     | 0.7327     | 92     | 868    |
| light green       | 0.7228     | 0.6379     | 0.7340     | 58     | 539    |
| light gray        | 0.5213     | 0.3889     | 0.6441     | 36     | 521    |
| light red         | 0.4153     | 0.2353     | 0.5846     | 17     | 272    |
| light yellow      | 0.4756     | 0.2500     | 0.5479     | 28     | 350    |
| lime green        | 0.6744     | 0.4091     | 0.6581     | 22     | 506    |
| maroon            | 0.7022     | 0.6000     | 0.6972     | 35     | 884    |
| murky             | 0.7228     | 0.2800     | 0.6376     | 25     | 209    |
| navy blue         | 0.5980     | 0.5758     | 0.7204     | 33     | 409    |
| neon green        | 0.6812     | 0.8889     | 0.9335     | 9      | 319    |
| off white         | 0.3657     | 0.1111     | 0.6086     | 9      | 201    |
| olive green       | 0.5160     | 0.2308     | 0.6154     | 13     | 488    |
| orange            | 0.8226     | 0.7262     | 0.8017     | 526    | 2272   |
| pale blue         | 0.8093     | 0.3478     | 0.6179     | 23     | 80     |
| pale green        | 0.6314     | 0.5000     | 0.6413     | 14     | 322    |
| pink              | 0.8439     | 0.7255     | 0.8065     | 204    | 2426   |
| purple            | 0.7028     | 0.6406     | 0.7706     | 128    | 1711   |
| red               | 0.8988     | 0.8271     | 0.8586     | 931    | 3383   |
| reddish           | 0.1297     | 0.0000     | 0.5000     | 12     | 453    |
| rust colored      | 0.4990     | 0.1000     | 0.5171     | 20     | 126    |
| silver            | 0.7682     | 0.7668     | 0.8132     | 283    | 2013   |
| tan               | 0.5372     | 0.5281     | 0.7003     | 231    | 1595   |
| taupe             | 0.2425     | 0.0000     | 0.5000     | 10     | 78     |
| teal              | 0.5071     | 0.4074     | 0.6279     | 54     | 777    |
| terracotta        | 0.5744     | 0.2381     | 0.5760     | 21     | 78     |
| turquoise         | 0.6118     | 0.3333     | 0.5991     | 30     | 527    |
| violet            | 0.8031     | 0.7500     | 0.8309     | 12     | 407    |
| white             | 0.8893     | 0.8686     | 0.8587     | 1393   | 2994   |
| yellow            | 0.8564     | 0.8133     | 0.8562     | 557    | 2339   |
| black lettered    | 0.9101     | 0.8462     | 0.8434     | 65     | 85     |
| red lettered      | 0.7481     | 0.6364     | 0.7278     | 33     | 89     |
| white lettered    | 0.9001     | 0.6731     | 0.7440     | 156    | 133    |
| black haired      | 0.8919     | 0.3902     | 0.7195     | 41     | 62     |
| brown haired      | 0.4483     | 0.4571     | 0.5979     | 35     | 113    |
| dark haired       | 0.8782     | 0.4412     | 0.7020     | 102    | 88     |
| red haired        | 0.2282     | 0.3333     | 0.6476     | 9      | 184    |
| white haired      | 0.7108     | 0.4262     | 0.7154     | 61     | 213    |
| dark skinned      | 0.6167     | 0.4113     | 0.6446     | 124    | 313    |
| light skinned     | 0.9000     | 0.8782     | 0.7141     | 238    | 107    |
| wearing black     | 0.8822     | 0.7255     | 0.7863     | 102    | 161    |
| wearing blue      | 0.8981     | 0.7867     | 0.8565     | 75     | 213    |
| wearing green     | 0.8585     | 0.7111     | 0.8616     | 45     | 299    |
| wearing gray      | 0.6419     | 0.5424     | 0.6939     | 59     | 172    |
| wearing pink      | 0.8111     | 0.6739     | 0.8177     | 46     | 259    |
| wearing red       | 0.7551     | 0.6923     | 0.7760     | 78     | 167    |
| wearing white     | 0.8131     | 0.6618     | 0.8006     | 68     | 198    |
| light colored     | 0.7685     | 0.6314     | 0.7330     | 236    | 471    |
| dark colored      | 0.8710     | 0.6894     | 0.7518     | 161    | 162    |
| colorless         | 0.8038     | 0.6379     | 0.7517     | 58     | 70     |
| colorful          | 0.8710     | 0.7104     | 0.7807     | 297    | 634    |
| monochromatic     | 0.7786     | 0.4186     | 0.5239     | 43     | 18     |
| multicolored      | 0.7258     | 0.6250     | 0.7530     | 144    | 525    |
| tricolored        | 0.7528     | 0.4783     | 0.7359     | 23     | 40     |
| rainbow colored   | 0.6962     | 0.7826     | 0.8049     | 23     | 128    |
| bright            | 0.8408     | 0.6497     | 0.7652     | 197    | 292    |
| dark              | 0.8829     | 0.7469     | 0.7721     | 794    | 736    |
| high              | 0.6377     | 0.6261     | 0.6910     | 115    | 273    |
| low               | 0.7270     | 0.3594     | 0.6412     | 64     | 207    |
| tall              | 0.8960     | 0.8254     | 0.7825     | 859    | 572    |
| short             | 0.7950     | 0.6135     | 0.7281     | 370    | 716    |
| long              | 0.8154     | 0.7816     | 0.7377     | 806    | 913    |
| wide              | 0.7910     | 0.6164     | 0.7027     | 378    | 437    |
| narrow            | 0.7332     | 0.5977     | 0.7156     | 87     | 161    |
| slim              | 0.5722     | 0.1556     | 0.5455     | 45     | 62     |
| thin              | 0.7141     | 0.5945     | 0.6815     | 402    | 642    |
| chubby            | 0.2807     | 0.0769     | 0.5318     | 26     | 116    |
| fat               | 0.4613     | 0.2500     | 0.5978     | 56     | 213    |
| slender           | 0.8027     | 0.4118     | 0.6592     | 34     | 29     |
| skinny            | 0.7229     | 0.4811     | 0.6891     | 106    | 271    |
| huge              | 0.5934     | 0.4419     | 0.6594     | 215    | 542    |
| small             | 0.6856     | 0.7115     | 0.6920     | 922    | 1570   |
| large             | 0.7572     | 0.7509     | 0.7377     | 1429   | 2118   |
| little            | 0.7148     | 0.6824     | 0.7591     | 148    | 322    |
| tiny              | 0.5739     | 0.6087     | 0.6938     | 69     | 209    |
| thick             | 0.7930     | 0.6640     | 0.7481     | 247    | 451    |
| deep              | 0.7504     | 0.6486     | 0.6840     | 37     | 26     |
| shallow           | 0.7095     | 0.6667     | 0.8027     | 30     | 74     |
| aluminum          | 0.7306     | 0.5714     | 0.5714     | 7      | 77     |
| asphalt           | 0.8570     | 0.7692     | 0.8445     | 52     | 213    |
| bamboo            | 0.1647     | 0.2500     | 0.6217     | 8      | 454    |
| brick             | 0.9103     | 0.7667     | 0.8418     | 420    | 764    |
| cardboard         | 0.8710     | 0.8800     | 0.8538     | 50     | 185    |
| ceramic           | 0.7620     | 0.6571     | 0.7665     | 70     | 339    |
| chocolate         | 0.8511     | 0.8421     | 0.9050     | 38     | 312    |
| chrome            | 0.6948     | 0.6842     | 0.7802     | 38     | 211    |
| clay              | 0.8768     | 0.8478     | 0.8744     | 46     | 162    |
| cloth             | 0.9283     | 0.4615     | 0.6565     | 52     | 11     |
| cobblestone       | 0.1962     | 0.2353     | 0.5416     | 17     | 348    |
| concrete          | 0.7125     | 0.5591     | 0.7144     | 254    | 757    |
| denim             | 0.9065     | 0.9016     | 0.8856     | 61     | 246    |
| dirt              | 0.7394     | 0.6571     | 0.7569     | 105    | 765    |
| fabric            | 0.7913     | 0.4082     | 0.6800     | 49     | 408    |
| fluffy            | 0.8692     | 0.8750     | 0.8347     | 120    | 167    |
| foamy             | 0.8338     | 0.8889     | 0.8439     | 27     | 89     |
| furry             | 0.8222     | 0.7946     | 0.8455     | 112    | 175    |
| glass             | 0.8952     | 0.8031     | 0.8610     | 447    | 1155   |
| granite           | 0.7408     | 0.4828     | 0.7190     | 29     | 194    |
| gravel            | 0.6754     | 0.6250     | 0.7301     | 32     | 251    |
| hardwood          | 0.8880     | 0.8000     | 0.8855     | 40     | 173    |
| iron              | 0.7276     | 0.6282     | 0.7586     | 78     | 469    |
| khaki             | 0.7539     | 0.6957     | 0.7418     | 23     | 64     |
| leather           | 0.8543     | 0.7910     | 0.8051     | 67     | 284    |
| marble            | 0.7038     | 0.5556     | 0.7581     | 45     | 352    |
| metal             | 0.8572     | 0.7920     | 0.8265     | 822    | 2019   |
| muddy             | 0.4170     | 0.3265     | 0.6435     | 49     | 420    |
| paper             | 0.8403     | 0.7952     | 0.8365     | 83     | 290    |
| pebbled           | 0.6049     | 0.2143     | 0.6071     | 14     | 136    |
| plastic           | 0.7510     | 0.7185     | 0.7731     | 270    | 1288   |
| plush             | 0.5469     | 0.2273     | 0.6081     | 22     | 91     |
| porcelain         | 0.8157     | 0.7541     | 0.7897     | 61     | 151    |
| red brick         | 0.8735     | 0.8065     | 0.8972     | 31     | 250    |
| rocky             | 0.6328     | 0.6395     | 0.7762     | 86     | 759    |
| rubber            | 0.8309     | 0.7917     | 0.8227     | 24     | 141    |
| sandy             | 0.8673     | 0.7632     | 0.8613     | 114    | 651    |
| silk              | 0.8803     | 0.9474     | 0.9331     | 19     | 37     |
| snowy             | 0.8926     | 0.8176     | 0.8674     | 170    | 871    |
| stainless steel   | 0.7884     | 0.8302     | 0.8385     | 53     | 427    |
| steel             | 0.8486     | 0.7015     | 0.7950     | 134    | 764    |
| stone             | 0.7970     | 0.7006     | 0.7755     | 324    | 897    |
| straw             | 0.6652     | 0.5000     | 0.7425     | 18     | 399    |
| stucco            | 0.3774     | 0.1250     | 0.5000     | 8      | 252    |
| styrofoam         | 0.3591     | 0.5714     | 0.7703     | 7      | 195    |
| tiled             | 0.8918     | 0.8099     | 0.8562     | 142    | 370    |
| wicker            | 0.8796     | 0.8478     | 0.8720     | 46     | 233    |
| wooden            | 0.9026     | 0.8807     | 0.8795     | 905    | 1967   |
| wool              | 0.7748     | 0.9231     | 0.9210     | 13     | 74     |
| water             | 0.8235     | 0.6774     | 0.7646     | 124    | 185    |
| arch shaped       | 0.9127     | 0.7925     | 0.8561     | 106    | 282    |
| arrow shaped      | 0.3994     | 0.3750     | 0.5759     | 16     | 56     |
| bell shaped       | 0.6955     | 0.5000     | 0.8285     | 4      | 43     |
| circular          | 0.7250     | 0.6034     | 0.7295     | 116    | 464    |
| conical           | 0.6733     | 0.4737     | 0.7054     | 38     | 137    |
| cubed             | 0.1102     | 0.0000     | 0.4833     | 8      | 60     |
| curved            | 0.7059     | 0.6598     | 0.7490     | 244    | 595    |
| curled            | 0.7416     | 0.7455     | 0.7170     | 55     | 76     |
| curly             | 0.8299     | 0.5085     | 0.7494     | 59     | 92     |
| cylindrical       | 0.7551     | 0.7089     | 0.7714     | 79     | 164    |
| diamond shaped    | 0.7452     | 0.6667     | 0.8021     | 15     | 96     |
| domed             | 0.4985     | 0.3214     | 0.5801     | 28     | 74     |
| heart shaped      | 0.3886     | 0.3333     | 0.6578     | 9      | 225    |
| octagonal         | 0.8123     | 0.7778     | 0.8523     | 27     | 164    |
| oval shaped       | 0.7050     | 0.5312     | 0.7364     | 32     | 220    |
| pointy            | 0.8682     | 0.7627     | 0.8104     | 177    | 263    |
| rectangular       | 0.8119     | 0.7372     | 0.7684     | 274    | 434    |
| round             | 0.8624     | 0.8014     | 0.8138     | 569    | 773    |
| rounded           | 0.9749     | 0.8708     | 0.8734     | 596    | 177    |
| spherical         | 0.8839     | 0.8438     | 0.8634     | 64     | 129    |
| spiky             | 0.6727     | 0.5484     | 0.7292     | 31     | 118    |
| spiral            | 0.2294     | 0.1429     | 0.5000     | 7      | 70     |
| square            | 0.6984     | 0.6478     | 0.7223     | 247    | 535    |
| straight          | 0.7720     | 0.6471     | 0.7312     | 68     | 100    |
| triangular        | 0.7918     | 0.6967     | 0.7706     | 122    | 367    |
| horizontal        | 0.6982     | 0.5862     | 0.6896     | 87     | 166    |
| slanted           | 0.5848     | 0.5000     | 0.6612     | 40     | 129    |
| tilted            | 0.6669     | 0.5250     | 0.7090     | 40     | 134    |
| upright           | 0.7625     | 0.6667     | 0.7529     | 51     | 98     |
| upside down       | 0.4249     | 0.3611     | 0.6370     | 36     | 348    |
| vertical          | 0.7696     | 0.7297     | 0.7460     | 111    | 166    |
| blue striped      | 0.5128     | 0.4444     | 0.5688     | 18     | 138    |
| blue plaid        | 0.5833     | 0.6154     | 0.6723     | 13     | 125    |
| checkered         | 0.4742     | 0.4833     | 0.6832     | 60     | 417    |
| dotted            | 0.5212     | 0.5417     | 0.6592     | 24     | 106    |
| floral            | 0.6845     | 0.5385     | 0.6974     | 65     | 222    |
| lined             | 0.5404     | 0.3385     | 0.5938     | 65     | 179    |
| patterned         | 0.8802     | 0.8048     | 0.7791     | 538    | 545    |
| pinstriped        | 0.7112     | 0.7143     | 0.8155     | 14     | 85     |
| plaid             | 0.6288     | 0.6786     | 0.7470     | 84     | 442    |
| polka dotted      | 0.2867     | 0.2941     | 0.5697     | 17     | 189    |
| red striped       | 0.5309     | 0.4737     | 0.6537     | 19     | 131    |
| speckled          | 0.7335     | 0.5926     | 0.7626     | 27     | 66     |
| spotted           | 0.8106     | 0.6000     | 0.7725     | 70     | 172    |
| striped           | 0.8027     | 0.6861     | 0.7755     | 309    | 873    |
| close             | 0.6812     | 0.4731     | 0.6894     | 167    | 342    |
| far away          | 0.7323     | 0.5570     | 0.6745     | 79     | 109    |
| angry             | 0.3362     | 0.1875     | 0.5938     | 16     | 188    |
| calm              | 0.9027     | 0.9172     | 0.7635     | 157    | 112    |
| frowning          | 0.2460     | 0.0000     | 0.5251     | 16     | 162    |
| grinning          | 0.5157     | 0.2586     | 0.6177     | 58     | 222    |
| happy             | 0.7713     | 0.7521     | 0.6954     | 234    | 254    |
| laughing          | 0.1632     | 0.1220     | 0.4865     | 41     | 265    |
| sad               | 0.1885     | 0.0556     | 0.5171     | 18     | 187    |
| serious           | 0.4188     | 0.1613     | 0.5519     | 31     | 158    |
| sleepy            | 0.5720     | 0.7143     | 0.7877     | 14     | 108    |
| smiling           | 0.7280     | 0.7076     | 0.7444     | 171    | 380    |
| smirking          | 0.2162     | 0.0909     | 0.5173     | 11     | 71     |
| surprised         | 0.2378     | 0.0625     | 0.5000     | 16     | 101    |
| unhappy           | 0.5040     | 0.5294     | 0.7756     | 17     | 135    |
| clapping          | 0.0523     | 0.0000     | 0.4392     | 8      | 148    |
| pointing          | 0.5479     | 0.2973     | 0.6216     | 37     | 162    |
| throwing          | 0.4621     | 0.6000     | 0.7162     | 30     | 201    |
| waving            | 0.7527     | 0.6000     | 0.8005     | 30     | 124    |
| bending           | 0.8951     | 0.7093     | 0.8332     | 86     | 151    |
| crouching         | 0.6917     | 0.6154     | 0.7656     | 78     | 899    |
| jumping           | 0.7018     | 0.6494     | 0.8257     | 77     | 759    |
| kneeling          | 0.1637     | 0.0323     | 0.4994     | 31     | 907    |
| leaning           | 0.5065     | 0.4369     | 0.6415     | 103    | 314    |
| leaning back      | 0.4696     | 0.3611     | 0.6366     | 36     | 183    |
| leaning forward   | 0.5978     | 0.4889     | 0.6824     | 45     | 145    |
| leaping           | 0.5199     | 0.2500     | 0.6028     | 28     | 572    |
| lying             | 0.8227     | 0.7353     | 0.7948     | 170    | 677    |
| running           | 0.6068     | 0.4922     | 0.7060     | 128    | 1296   |
| sitting           | 0.8452     | 0.8097     | 0.8166     | 452    | 683    |
| squatting         | 0.6979     | 0.7667     | 0.8227     | 30     | 656    |
| standing          | 0.8762     | 0.6811     | 0.7440     | 878    | 550    |
| turning           | 0.4729     | 0.1034     | 0.5226     | 29     | 126    |
| walking           | 0.7965     | 0.6267     | 0.7345     | 375    | 840    |
| brushing teeth    | 0.5318     | 0.7273     | 0.8369     | 11     | 206    |
| climbing          | 0.2722     | 0.1000     | 0.5500     | 10     | 267    |
| cooking           | 0.7298     | 0.6087     | 0.8171     | 23     | 390    |
| cutting           | 0.6161     | 0.5000     | 0.7473     | 18     | 557    |
| drinking          | 0.4472     | 0.3529     | 0.7112     | 34     | 748    |
| driving           | 0.7287     | 0.4667     | 0.6756     | 60     | 387    |
| eating            | 0.7441     | 0.7263     | 0.8262     | 190    | 872    |
| flying            | 0.8982     | 0.8130     | 0.8410     | 123    | 197    |
| grazing           | 0.8178     | 0.7595     | 0.8133     | 79     | 158    |
| hiding            | 0.4144     | 0.0833     | 0.5408     | 12     | 612    |
| hiking            | 0.6185     | 0.5455     | 0.7217     | 11     | 180    |
| hugging           | 0.1665     | 0.0000     | 0.5000     | 10     | 462    |
| kissing           | 0.0409     | 0.0000     | 0.4972     | 7      | 181    |
| paddling          | 0.4411     | 0.4615     | 0.6876     | 13     | 139    |
| posing            | 0.5281     | 0.3505     | 0.6603     | 97     | 716    |
| reading           | 0.4416     | 0.3000     | 0.6462     | 20     | 525    |
| resting           | 0.8442     | 0.8500     | 0.8968     | 60     | 608    |
| riding bike       | 0.7289     | 0.7436     | 0.7970     | 39     | 561    |
| riding horse      | 0.8929     | 0.8929     | 0.9386     | 28     | 575    |
| sleeping          | 0.6907     | 0.5417     | 0.8019     | 48     | 660    |
| studying          | 0.6940     | 0.6364     | 0.8612     | 11     | 410    |
| swimming          | 0.7637     | 0.6923     | 0.8165     | 39     | 867    |
| swinging          | 0.5741     | 0.7778     | 0.8737     | 36     | 395    |
| taking photo      | 0.2967     | 0.2727     | 0.6260     | 22     | 290    |
| talking           | 0.5100     | 0.6000     | 0.6878     | 85     | 270    |
| texting           | 0.3191     | 0.2500     | 0.6222     | 8      | 353    |
| typing            | 0.5872     | 0.3125     | 0.6530     | 16     | 309    |
| using computer    | 0.5773     | 0.6500     | 0.7237     | 20     | 152    |
| using phone       | 0.4749     | 0.3214     | 0.6353     | 28     | 127    |
| waiting           | 0.4508     | 0.4563     | 0.6862     | 103    | 754    |
| working           | 0.4808     | 0.3200     | 0.6325     | 25     | 402    |
| playing baseball  | 0.8749     | 0.6778     | 0.7848     | 90     | 414    |
| playing frisbee   | 0.7409     | 0.5833     | 0.7808     | 36     | 369    |
| playing football  | 0.7288     | 0.5000     | 0.7238     | 20     | 403    |
| playing tennis    | 0.9367     | 0.8358     | 0.8798     | 67     | 424    |
| skating           | 0.6952     | 0.5128     | 0.7530     | 39     | 296    |
| skateboarding     | 0.8883     | 0.8692     | 0.8969     | 107    | 422    |
| skiing            | 0.9055     | 0.7965     | 0.8808     | 113    | 438    |
| snowboarding      | 0.9061     | 0.7500     | 0.8661     | 32     | 224    |
| surfing           | 0.8995     | 0.9130     | 0.9034     | 92     | 301    |
| looking at camera | 0.5824     | 0.3267     | 0.6577     | 101    | 248    |
| looking down      | 0.6661     | 0.4891     | 0.6731     | 92     | 170    |
| looking up        | 0.3580     | 0.1500     | 0.5502     | 40     | 161    |
| backwards         | 0.5926     | 0.5568     | 0.6717     | 88     | 166    |
| clear             | 0.9058     | 0.7746     | 0.7870     | 621    | 511    |
| cloudless         | 0.8801     | 0.7708     | 0.8731     | 48     | 203    |
| cloudy            | 0.9772     | 0.8638     | 0.9073     | 235    | 122    |
| foggy             | 0.7734     | 0.6038     | 0.7519     | 53     | 285    |
| hazy              | 0.4938     | 0.3971     | 0.6134     | 68     | 244    |
| overcast          | 0.7320     | 0.7627     | 0.7891     | 59     | 243    |
| partly cloudy     | 0.4614     | 0.3158     | 0.6596     | 38     | 238    |
| in rain           | 0.7384     | 0.5818     | 0.7508     | 55     | 541    |
| stormy            | 0.8162     | 0.9310     | 0.9001     | 29     | 301    |
| sunny             | 0.7515     | 0.6078     | 0.6781     | 51     | 59     |
| indoors           | 0.8826     | 0.6667     | 0.7973     | 42     | 82     |
| outdoors          | 0.9307     | 0.7108     | 0.7878     | 83     | 45     |
| in the air        | 0.6593     | 0.6327     | 0.7225     | 98     | 227    |
| in the background | 0.8873     | 0.5520     | 0.7141     | 125    | 66     |
| in water          | 0.7491     | 0.7143     | 0.7952     | 42     | 105    |
| on ground         | 0.8877     | 0.8889     | 0.9167     | 18     | 63     |
| on the wall       | 0.8502     | 0.7703     | 0.7759     | 74     | 124    |
| adult             | 0.7715     | 0.4639     | 0.6876     | 97     | 104    |
| aged              | 0.9451     | 0.6190     | 0.8095     | 21     | 37     |
| elderly           | 0.7879     | 0.5789     | 0.7723     | 19     | 69     |
| old               | 0.8234     | 0.6880     | 0.7687     | 250    | 349    |
| young             | 0.8956     | 0.8919     | 0.8003     | 185    | 149    |
| new               | 0.3585     | 0.1765     | 0.5437     | 17     | 66     |
| clean             | 0.7829     | 0.5442     | 0.6921     | 294    | 327    |
| dirty             | 0.5544     | 0.5914     | 0.7073     | 186    | 884    |
| dusty             | 0.7116     | 0.7263     | 0.7838     | 95     | 240    |
| stained           | 0.7462     | 0.5102     | 0.7149     | 49     | 119    |
| soft              | 0.9512     | 0.8000     | 0.7950     | 105    | 61     |
| hard              | 0.8228     | 0.5588     | 0.6854     | 102    | 89     |
| heavy             | 0.5428     | 0.3846     | 0.6146     | 39     | 77     |
| asian             | 0.5735     | 0.4464     | 0.6865     | 56     | 245    |
| caucasian         | 0.6795     | 0.1860     | 0.5311     | 43     | 37     |
| opaque            | 0.6424     | 0.2115     | 0.6288     | 52     | 173    |
| transparent       | 0.8288     | 0.7879     | 0.8025     | 132    | 229    |
| translucent       | 0.5474     | 0.4828     | 0.6581     | 29     | 95     |
| male              | 0.6781     | 0.5102     | 0.6838     | 98     | 211    |
| female            | 0.6639     | 0.6377     | 0.7202     | 69     | 254    |
| jagged            | 0.4436     | 0.4348     | 0.6360     | 23     | 67     |
| moss covered      | 0.5225     | 0.6111     | 0.6734     | 18     | 82     |
| rough             | 0.6908     | 0.6104     | 0.7205     | 77     | 182    |
| smooth            | 0.7179     | 0.6410     | 0.7171     | 117    | 240    |
| textured          | 0.8595     | 0.5217     | 0.7024     | 46     | 21     |
| wrinkled          | 0.7747     | 0.7375     | 0.7551     | 80     | 148    |
| choppy            | 0.8760     | 0.7500     | 0.8042     | 40     | 48     |
| closed            | 0.7248     | 0.6827     | 0.7344     | 208    | 371    |
| cracked           | 0.4807     | 0.5000     | 0.7072     | 30     | 152    |
| dilapidated       | 0.5857     | 0.4000     | 0.6662     | 25     | 109    |
| dry               | 0.8599     | 0.8315     | 0.7896     | 184    | 250    |
| empty             | 0.8344     | 0.7240     | 0.7645     | 384    | 548    |
| folded            | 0.7486     | 0.6623     | 0.7357     | 77     | 177    |
| full              | 0.7706     | 0.7517     | 0.7511     | 145    | 224    |
| open              | 0.8335     | 0.7013     | 0.7226     | 673    | 605    |
| watery            | 0.4673     | 0.0476     | 0.5348     | 21     | 78     |
| weathered         | 0.6686     | 0.6087     | 0.6337     | 23     | 47     |
| wet               | 0.9132     | 0.8207     | 0.8576     | 329    | 537    |
| wearing bow tie   | 0.3092     | 0.2500     | 0.6167     | 8      | 300    |
| wearing glasses   | 0.5465     | 0.4651     | 0.6517     | 86     | 238    |
| wearing hat       | 0.7351     | 0.6707     | 0.6994     | 82     | 128    |
| wearing headband  | 0.3619     | 0.3571     | 0.6101     | 14     | 122    |
| wearing scarf     | 0.4062     | 0.2800     | 0.5938     | 25     | 130    |
| wearing tie       | 0.8227     | 0.8000     | 0.8464     | 40     | 121    |
| with umbrella     | 0.7770     | 0.6923     | 0.8249     | 26     | 188    |
| wearing watch     | 0.2254     | 0.3913     | 0.5305     | 23     | 107    |
| black framed      | 0.5349     | 0.1613     | 0.4241     | 31     | 37     |
| gold framed       | 0.8542     | 0.8462     | 0.7402     | 13     | 45     |
| white framed      | 0.7766     | 0.7857     | 0.6445     | 28     | 44     |
| long haired       | 0.6562     | 0.5484     | 0.6942     | 62     | 157    |
| short haired      | 0.7712     | 0.7917     | 0.7859     | 72     | 102    |
| mesh              | 0.6071     | 0.4286     | 0.6057     | 35     | 68     |
| two-story         | 0.5773     | 0.4545     | 0.7032     | 22     | 83     |
| tucked in         | 0.5354     | 0.6471     | 0.5654     | 17     | 27     |
| paperback         | 0.7305     | 0.9091     | 0.4318     | 22     | 13     |
| graffitied        | 0.6794     | 0.5909     | 0.7839     | 22     | 173    |
| knee high         | 0.2985     | 0.7222     | 0.4594     | 18     | 39     |
| leaf covered      | 0.8970     | 0.6111     | 0.7395     | 72     | 82     |
| cluttered         | 0.6968     | 0.7429     | 0.7327     | 35     | 98     |
| wallpapered       | 0.5293     | 0.2857     | 0.4963     | 7      | 134    |
| sunlit            | 0.7971     | 0.4079     | 0.7101     | 76     | 99     |
| old fashioned     | 0.7171     | 0.5556     | 0.6966     | 27     | 68     |
| statue            | 0.4621     | 0.3548     | 0.6699     | 31     | 199    |
| handwritten       | 0.4075     | 0.5000     | 0.6248     | 18     | 79     |
| still             | 0.6442     | 0.6438     | 0.7011     | 73     | 163    |
| classical         | 0.8784     | 0.4286     | 0.6679     | 28     | 47     |
| half              | 0.7948     | 0.5909     | 0.7300     | 22     | 25     |
| neon              | 0.7519     | 0.5769     | 0.7526     | 26     | 120    |
| spotless          | 0.8196     | 0.9048     | 0.8086     | 42     | 37     |
| balancing         | 0.8867     | 0.8889     | 0.8535     | 27     | 55     |
| leftover          | 0.1183     | 0.1000     | 0.4925     | 10     | 133    |
| rumpled           | 0.6155     | 0.6222     | 0.6479     | 45     | 80     |
| stuffed           | 0.8409     | 0.8690     | 0.8609     | 84     | 233    |
| knitted           | 0.7294     | 0.6000     | 0.7043     | 15     | 69     |
| barren            | 0.7803     | 0.5556     | 0.7378     | 18     | 41     |
| worn              | 0.6850     | 0.6389     | 0.7412     | 72     | 219    |
| cheesy            | 1.0000     | 1.0000     | 1.0000     | 15     | 10     |
| gray metal        | 0.6174     | 0.1765     | 0.5432     | 34     | 64     |
| antique           | 0.8267     | 0.5455     | 0.7361     | 33     | 41     |
| turned off        | 0.7954     | 0.7111     | 0.7950     | 45     | 91     |
| shredded          | 0.4144     | 0.7222     | 0.5608     | 18     | 37     |
| lined up          | 0.8370     | 0.5556     | 0.6881     | 27     | 19     |
| ancient           | 0.8877     | 0.5556     | 0.7500     | 18     | 40     |
| splashing         | 0.9759     | 0.9500     | 0.9037     | 40     | 34     |
| crocheted         | 0.6818     | 0.9000     | 0.8083     | 10     | 60     |
| selling           | 0.7251     | 0.6154     | 0.7974     | 13     | 97     |
| cut               | 0.7606     | 0.7561     | 0.7619     | 123    | 230    |
| assorted          | 0.8045     | 0.6087     | 0.7470     | 46     | 44     |
| rusty             | 0.7199     | 0.5854     | 0.7117     | 82     | 400    |
| illuminated       | 0.7595     | 0.7522     | 0.7651     | 113    | 174    |
| pepperoni         | 0.4395     | 0.5294     | 0.6632     | 17     | 104    |
| funny             | 0.4255     | 0.4667     | 0.6717     | 15     | 73     |
| messy             | 0.6189     | 0.3846     | 0.6784     | 52     | 149    |
| lush              | 0.8054     | 0.8261     | 0.8060     | 46     | 78     |
| silhouetted       | 0.7743     | 0.5417     | 0.7381     | 48     | 210    |
| fancy             | 0.7378     | 0.4444     | 0.6582     | 27     | 37     |
| shining           | 0.8148     | 0.6349     | 0.7734     | 63     | 97     |
| stainless         | 0.7070     | 0.4783     | 0.6484     | 23     | 29     |
| digital           | 0.6700     | 0.5714     | 0.6640     | 49     | 124    |
| out of focus      | 0.6503     | 0.6522     | 0.6913     | 46     | 104    |
| shiny             | 0.7489     | 0.6963     | 0.7286     | 349    | 554    |
| glowing           | 0.7303     | 0.6500     | 0.7375     | 20     | 32     |
| for sale          | 0.7705     | 0.5926     | 0.7372     | 27     | 68     |
| patchy            | 0.9430     | 0.8667     | 0.8548     | 15     | 42     |
| filled            | 0.8667     | 0.6538     | 0.7073     | 130    | 117    |
| printed           | 0.8336     | 0.7586     | 0.7485     | 87     | 111    |
| stacked           | 0.5937     | 0.5893     | 0.6856     | 112    | 334    |
| potted            | 0.8710     | 0.7895     | 0.8208     | 38     | 74     |
| blurry            | 0.7733     | 0.7131     | 0.7900     | 122    | 490    |
| shingled          | 0.4564     | 0.8571     | 0.6720     | 7      | 27     |
| night             | 0.9306     | 0.8889     | 0.8889     | 9      | 56     |
| bent              | 0.8103     | 0.6300     | 0.7648     | 100    | 163    |
| grassy            | 0.9740     | 0.9151     | 0.9128     | 259    | 242    |
| unlit             | 0.5085     | 0.4000     | 0.5026     | 25     | 31     |
| directional       | 0.8192     | 0.7241     | 0.7827     | 29     | 63     |
| leafless          | 0.8865     | 0.8161     | 0.8341     | 87     | 136    |
| sliced            | 0.8363     | 0.8378     | 0.7626     | 148    | 123    |
| frosted           | 0.7341     | 0.5625     | 0.7727     | 32     | 176    |
| extended          | 0.8777     | 0.7586     | 0.7520     | 87     | 70     |
| topped            | 0.7945     | 0.9412     | 0.7269     | 17     | 14     |
| writing           | 0.1053     | 0.0000     | 0.4512     | 8      | 82     |
| fallen            | 0.8337     | 0.6735     | 0.8045     | 49     | 127    |
| athletic          | 0.7530     | 0.6875     | 0.7598     | 32     | 81     |
| floating          | 0.8870     | 0.8333     | 0.8500     | 48     | 80     |
| reclining         | 0.4920     | 0.4583     | 0.6534     | 24     | 66     |
| flat              | 0.6292     | 0.6158     | 0.6627     | 203    | 321    |
| crossing legs     | 0.2947     | 0.5357     | 0.6495     | 28     | 131    |
| crossing arms     | 0.2099     | 0.3636     | 0.6376     | 11     | 181    |
| raising arm       | 0.6069     | 0.5000     | 0.7065     | 20     | 135    |
| chain-link        | 0.8814     | 0.8947     | 0.7789     | 57     | 90     |
| dressed warmly    | 0.8644     | 0.7500     | 0.8343     | 68     | 180    |
| dressed           | 0.9271     | 0.9247     | 0.8260     | 146    | 55     |
| camouflage        | 0.7462     | 0.7273     | 0.8214     | 11     | 71     |
| upholstered       | 0.8450     | 0.7692     | 0.7407     | 26     | 29     |
| modern            | 0.8009     | 0.7931     | 0.8024     | 58     | 76     |
| dark wood         | 0.6630     | 0.5957     | 0.7354     | 47     | 72     |
| bearded           | 0.3253     | 0.2368     | 0.5632     | 38     | 119    |
| well dressed      | 0.8913     | 0.1887     | 0.5755     | 53     | 40     |
| manicured         | 0.6526     | 0.3548     | 0.5504     | 31     | 32     |
| tattooed          | 0.4637     | 0.1818     | 0.6299     | 11     | 77     |
| rolled up         | 0.4323     | 0.5000     | 0.5317     | 22     | 109    |
| sparkling         | 0.4133     | 0.3333     | 0.5856     | 9      | 37     |
| reaching          | 0.6203     | 0.4348     | 0.7275     | 23     | 75     |
| disposable        | 0.6988     | 0.8611     | 0.8014     | 36     | 120    |
| glossy            | 0.6492     | 0.5882     | 0.5980     | 51     | 68     |
| tied              | 0.6665     | 0.6250     | 0.6934     | 32     | 58     |
| vintage           | 0.7593     | 0.8889     | 0.7670     | 9      | 31     |
| multi-story       | 0.8919     | 0.6429     | 0.7684     | 56     | 34     |
| cushioned         | 0.7816     | 0.7778     | 0.8092     | 36     | 69     |
| flat screen       | 0.8645     | 0.8947     | 0.7018     | 19     | 18     |
| filthy            | 0.3658     | 0.2857     | 0.6290     | 14     | 72     |
| shirtless         | 0.8636     | 0.7872     | 0.8224     | 47     | 140    |
| raised            | 0.6604     | 0.5000     | 0.6753     | 54     | 107    |
| reflective        | 0.6663     | 0.6489     | 0.7506     | 94     | 254    |
| short-sleeved     | 0.5787     | 0.7593     | 0.6480     | 54     | 178    |
| operating         | 0.8760     | 0.4000     | 0.6909     | 55     | 56     |
| relaxing          | 0.5934     | 0.2963     | 0.6365     | 27     | 43     |
| enjoying          | 0.4317     | 0.4286     | 0.4554     | 21     | 32     |
| barefoot          | 0.7950     | 0.4722     | 0.7163     | 36     | 84     |
| gloomy            | 0.7344     | 0.6000     | 0.7583     | 10     | 48     |
| crossed           | 0.7432     | 0.7619     | 0.8601     | 21     | 72     |
| partially eaten   | 0.4586     | 0.3000     | 0.5735     | 30     | 113    |
| mixed             | 0.7807     | 0.5000     | 0.7066     | 36     | 32     |
| hanging           | 0.8369     | 0.8127     | 0.8000     | 283    | 487    |
| carpeted          | 0.7379     | 0.7368     | 0.7663     | 19     | 66     |
| daytime           | 0.8815     | 0.8148     | 0.8168     | 27     | 28     |
| tree-covered      | 0.7734     | 0.8000     | 0.7917     | 20     | 42     |
| shaded            | 0.5853     | 0.3667     | 0.6026     | 30     | 39     |
| damaged           | 0.6310     | 0.4242     | 0.7439     | 33     | 91     |
| powdered          | 0.7197     | 0.6087     | 0.7686     | 23     | 107    |
| topless           | 0.8131     | 0.6957     | 0.8534     | 23     | 66     |
| barbed wire       | 0.2710     | 0.8750     | 0.7516     | 8      | 77     |
| shoulder length   | 0.3159     | 0.7037     | 0.6637     | 27     | 112    |
| braided           | 0.3893     | 0.5000     | 0.6460     | 6      | 125    |
| fried             | 0.6954     | 0.7333     | 0.7671     | 30     | 111    |
| dressed formally  | 0.7918     | 0.6122     | 0.7769     | 49     | 154    |
| smoking           | 0.1966     | 0.1429     | 0.5461     | 7      | 138    |
| leafy             | 0.9153     | 0.8652     | 0.8499     | 141    | 137    |
| outstretched      | 0.8052     | 0.8393     | 0.6324     | 56     | 48     |
| scattered         | 0.7561     | 0.5323     | 0.6659     | 62     | 56     |
| in a costume      | 0.5666     | 0.5385     | 0.7393     | 13     | 95     |
| decorative        | 0.8462     | 0.5333     | 0.7100     | 90     | 87     |
| wrapped           | 0.7111     | 0.5263     | 0.7173     | 57     | 139    |
| parking           | 0.9147     | 0.9338     | 0.7834     | 302    | 179    |
| batting           | 0.8266     | 0.7907     | 0.8716     | 43     | 240    |
| loose             | 0.8370     | 0.4889     | 0.6652     | 45     | 22     |
| cartoon           | 0.4295     | 0.6154     | 0.6556     | 13     | 109    |
| tagged            | 0.6031     | 0.7143     | 0.7689     | 21     | 68     |
| crowded           | 0.7818     | 0.6571     | 0.6869     | 70     | 71     |
| flowered          | 0.8515     | 0.8214     | 0.7909     | 28     | 62     |
| garbage           | 0.7228     | 0.6667     | 0.7139     | 15     | 77     |
| rippled           | 0.9020     | 0.7500     | 0.7970     | 48     | 37     |
| faded             | 0.7217     | 0.5493     | 0.7296     | 71     | 129    |
| spreading legs    | 0.6605     | 0.4250     | 0.6891     | 40     | 109    |
| spreading arms    | 0.8037     | 0.5938     | 0.7987     | 64     | 170    |
| used              | 0.7957     | 0.6500     | 0.7738     | 60     | 168    |
| raw               | 0.8949     | 0.6078     | 0.7620     | 51     | 80     |
| boxed             | 0.7473     | 0.7500     | 0.8355     | 12     | 76     |
| toy               | 0.8729     | 0.7692     | 0.8544     | 39     | 116    |
| ornate            | 0.6165     | 0.6304     | 0.6300     | 46     | 95     |
| barred            | 0.8863     | 0.6471     | 0.8060     | 34     | 62     |
| half filled       | 0.2850     | 0.3478     | 0.5457     | 23     | 108    |
| slippery          | 0.5815     | 0.6667     | 0.7218     | 21     | 57     |
| shiny blue        | 0.7088     | 0.5000     | 0.6690     | 14     | 52     |
| shaggy            | 0.6699     | 0.6111     | 0.7564     | 18     | 61     |
| tight             | 0.8195     | 0.8444     | 0.7994     | 45     | 98     |
| hooded            | 0.4811     | 0.5517     | 0.5967     | 29     | 94     |
| wavy              | 0.8828     | 0.6774     | 0.8017     | 31     | 27     |
| gloved            | 0.7594     | 0.5400     | 0.7352     | 50     | 115    |
| shoeless          | 0.4225     | 0.1765     | 0.5728     | 17     | 97     |
| sliding           | 0.5249     | 0.7500     | 0.6250     | 12     | 45     |
| military          | 0.7598     | 0.7647     | 0.8161     | 17     | 122    |
| sprinkled         | 0.7878     | 0.7222     | 0.7540     | 36     | 63     |
| catching          | 0.5536     | 0.5217     | 0.7322     | 23     | 129    |
| polo              | 0.3041     | 0.6000     | 0.5528     | 10     | 106    |
| covered in sugar  | 0.4754     | 0.9412     | 0.7090     | 17     | 28     |
| dense             | 0.7306     | 0.6842     | 0.6795     | 57     | 39     |
| whole             | 0.7896     | 0.3165     | 0.6074     | 79     | 63     |
| painted           | 0.7895     | 0.7470     | 0.7811     | 166    | 463    |
| woven             | 0.8861     | 0.9231     | 0.8244     | 39     | 76     |
| grilled           | 0.6753     | 0.7391     | 0.7507     | 23     | 94     |
| having fun        | 0.4550     | 0.2000     | 0.5211     | 35     | 59     |
| baked             | 0.7669     | 0.7059     | 0.7041     | 34     | 41     |
| displayed         | 0.6355     | 0.4865     | 0.5811     | 37     | 37     |
| sealed            | 0.7174     | 0.7561     | 0.7690     | 41     | 69     |
| sharp             | 0.9004     | 0.7867     | 0.7949     | 75     | 77     |
| black metal       | 0.5662     | 0.0645     | 0.4872     | 31     | 39     |
| thatched          | 0.2831     | 0.5556     | 0.5891     | 9      | 58     |
| littered          | 0.4006     | 0.4375     | 0.6531     | 16     | 160    |
| sparse            | 0.8010     | 0.4615     | 0.7021     | 26     | 53     |
| bald              | 0.6590     | 0.6379     | 0.6591     | 58     | 167    |
| toasted           | 0.8464     | 0.7778     | 0.7321     | 27     | 47     |
| doorless          | 0.3658     | 0.1579     | 0.5026     | 19     | 40     |
| baby              | 0.7779     | 0.7442     | 0.7492     | 86     | 128    |
| wild              | 0.6478     | 0.8750     | 0.5891     | 32     | 37     |
| long-sleeved      | 0.7937     | 0.7808     | 0.7621     | 73     | 117    |
| bare              | 0.9780     | 0.8634     | 0.8405     | 227    | 70     |
| taking selfie     | 0.3775     | 0.3846     | 0.7084     | 13     | 112    |
| flattened         | 0.6146     | 0.2203     | 0.5184     | 59     | 41     |
| carried           | 0.7464     | 0.5588     | 0.6618     | 34     | 51     |
| buttoned          | 0.8551     | 0.6842     | 0.7510     | 19     | 41     |
| excited           | 0.3897     | 0.1852     | 0.5545     | 27     | 102    |
| boiled            | 0.1388     | 0.3750     | 0.5893     | 8      | 56     |
| carved            | 0.5137     | 0.2826     | 0.5934     | 46     | 94     |
| smoky             | 0.7745     | 0.5000     | 0.6875     | 16     | 16     |
| turbulent         | 0.7385     | 0.5600     | 0.7000     | 25     | 50     |
| cooked            | 0.8916     | 0.8841     | 0.8588     | 69     | 130    |
| uneaten           | 0.8711     | 0.8158     | 0.6145     | 76     | 30     |
| busy              | 0.8105     | 0.8049     | 0.7921     | 41     | 64     |
| frozen            | 0.5779     | 0.4615     | 0.6655     | 13     | 56     |
| horned            | 0.7897     | 0.6842     | 0.7995     | 19     | 123    |
| sleeveless        | 0.7874     | 0.7619     | 0.8008     | 42     | 169    |
| peeled            | 0.8091     | 0.8125     | 0.9093     | 16     | 71     |
| sheer             | 0.6320     | 0.9000     | 0.8786     | 10     | 42     |
| many              | 0.8712     | 0.5776     | 0.6992     | 116    | 59     |
| scruffy           | 0.6473     | 0.8235     | 0.7084     | 17     | 59     |
| buried            | 0.0149     | 0.0000     | 0.4109     | 1      | 101    |
| melted            | 0.9423     | 0.9167     | 0.8466     | 24     | 11     |
| active            | 0.7970     | 0.4795     | 0.6647     | 73     | 60     |
| trimmed           | 0.7849     | 0.6905     | 0.7855     | 42     | 67     |
| broken            | 0.4691     | 0.3111     | 0.5346     | 45     | 81     |
| wispy             | 0.9210     | 0.7826     | 0.8746     | 23     | 26     |
| dead              | 0.8455     | 0.7976     | 0.7813     | 84     | 114    |
| ripe              | 0.9144     | 0.8929     | 0.7820     | 84     | 32     |
| piece             | 0.8437     | 0.8784     | 0.7690     | 74     | 55     |
| armless           | 0.6580     | 0.7797     | 0.6104     | 59     | 63     |
| rotten            | 0.6247     | 0.5385     | 0.7433     | 13     | 77     |
| curtainless       | 0.6496     | 0.4483     | 0.4470     | 58     | 33     |
| hairy             | 0.7616     | 0.7241     | 0.6591     | 58     | 48     |
| blank             | 0.6167     | 0.6719     | 0.5334     | 64     | 88     |
| chopped           | 0.9100     | 0.8125     | 0.8035     | 112    | 87     |
| mounted           | 0.8499     | 0.7872     | 0.6893     | 47     | 29     |
| hairless          | 0.8921     | 0.5758     | 0.7424     | 33     | 60     |
| fuzzy             | 0.7368     | 0.6000     | 0.7224     | 50     | 133    |
| falling           | 0.3962     | 0.2353     | 0.5621     | 17     | 63     |
| paved             | 0.9231     | 0.8418     | 0.8190     | 177    | 194    |
| electronic        | 0.9215     | 0.7250     | 0.8072     | 40     | 33     |
| sticking out      | 0.5184     | 0.3333     | 0.5920     | 18     | 32     |
| collared          | 0.7887     | 0.7347     | 0.7848     | 49     | 111    |
| doubledecker      | 0.8439     | 0.7826     | 0.8541     | 23     | 121    |
| almost empty      | 0.5987     | 0.3158     | 0.5388     | 38     | 37     |
| glazed            | 0.6504     | 0.4375     | 0.7167     | 16     | 30     |
| docked            | 0.8244     | 0.7059     | 0.7815     | 17     | 35     |
| submerged         | 0.3717     | 0.2609     | 0.6081     | 23     | 112    |
| slightly open     | 0.3749     | 0.6429     | 0.7545     | 14     | 144    |
| stopped           | 0.8244     | 0.6714     | 0.6675     | 70     | 72     |
| framed            | 0.9968     | 0.9549     | 0.9181     | 133    | 18     |
| sunbathing        | 0.7552     | 0.6429     | 0.8067     | 14     | 136    |
| plain             | 0.8586     | 0.4000     | 0.6250     | 20     | 18     |
| christmas         | 0.3593     | 0.3000     | 0.6331     | 10     | 118    |
| frizzy            | 0.7982     | 0.7143     | 0.8101     | 21     | 85     |
| interior          | 0.8622     | 0.5000     | 0.7123     | 68     | 66     |
| pinned            | 0.5939     | 0.5833     | 0.7241     | 12     | 37     |
| concentrating     | 0.6068     | 0.5926     | 0.6949     | 54     | 114    |
| knocked over      | 0.3422     | 0.2727     | 0.5839     | 11     | 143    |
| burnt             | 0.5399     | 0.3929     | 0.5770     | 56     | 129    |
| hitting           | 0.6366     | 0.7600     | 0.8045     | 25     | 106    |
| moving            | 0.7057     | 0.3811     | 0.6395     | 244    | 380    |
| baggy             | 0.7436     | 0.8393     | 0.7399     | 56     | 117    |
| dried             | 0.7272     | 0.5211     | 0.6382     | 71     | 89     |
| turned on         | 0.8489     | 0.7538     | 0.7934     | 65     | 88     |
| piled             | 0.7549     | 0.5917     | 0.6810     | 120    | 167    |
| puffy             | 0.7797     | 0.7333     | 0.7121     | 30     | 33     |
| scraggly          | 0.8545     | 0.7778     | 0.6647     | 36     | 28     |
| bushy             | 0.7918     | 0.8413     | 0.7183     | 63     | 90     |
| staring           | 0.7327     | 0.4688     | 0.6101     | 32     | 23     |
| holed             | 0.7636     | 0.7561     | 0.7157     | 41     | 77     |
| muscular          | 0.6593     | 0.6053     | 0.6627     | 38     | 71     |
| neat              | 0.7616     | 0.5556     | 0.6622     | 90     | 67     |
| abandoned         | 0.6187     | 0.5122     | 0.6963     | 41     | 184    |
| diagonal          | 0.8248     | 0.4118     | 0.7206     | 34     | 46     |
| wheeled           | 0.6650     | 0.4545     | 0.6534     | 44     | 72     |
| being used        | 0.7497     | 0.6933     | 0.7216     | 75     | 116    |
| partially visible | 0.6528     | 0.5263     | 0.6188     | 38     | 67     |
| nylon             | 0.6984     | 0.6667     | 0.7708     | 3      | 8      |
| ridged            | 0.4558     | 0.3810     | 0.5025     | 21     | 29     |
| backless          | 0.6673     | 0.4872     | 0.6791     | 39     | 62     |
| unmade            | 0.8340     | 0.6522     | 0.8124     | 23     | 73     |
| pulled back       | 0.3338     | 0.6842     | 0.5692     | 19     | 73     |
| side view         | 0.6872     | 0.6316     | 0.6694     | 19     | 32     |
| chipped           | 0.5731     | 0.3000     | 0.5662     | 20     | 34     |
| perched           | 0.8539     | 0.9167     | 0.8542     | 12     | 40     |
| overgrown         | 0.6802     | 0.9048     | 0.7268     | 21     | 57     |
| numbered          | 0.6613     | 0.5455     | 0.6623     | 33     | 77     |
